/*--------------------------------*- C++ -*----------------------------------*\
  =========                 |
  \\      /  F ield         | OpenFOAM: The Open Source CFD Toolbox
   \\    /   O peration     | Website:  https://openfoam.org
    \\  /    A nd           | Version:  7
     \\/     M anipulation  |
\*---------------------------------------------------------------------------*/
FoamFile
{
    version     2.0;
    format      ascii;
    class       labelList;
    note        "nPoints: 2366 nCells: 1872 nFaces: 6072 nInternalFaces: 5160";
    location    "constant/polyMesh";
    object      neighbour;
}
// * * * * * * * * * * * * * * * * * * * * * * * * * * * * * * * * * * * * * //


5160
(
1
13
156
2
14
157
3
15
158
4
16
159
5
17
160
6
18
161
7
19
162
8
20
163
9
21
164
10
22
165
11
23
166
12
24
167
25
168
14
26
169
15
27
170
16
28
171
17
29
172
18
30
173
19
31
174
20
32
175
21
33
176
22
34
177
23
35
178
24
36
179
25
37
180
38
181
27
39
182
28
40
183
29
41
184
30
42
185
31
43
186
32
44
187
33
45
188
34
46
189
35
47
190
36
48
191
37
49
192
38
50
193
51
194
40
52
195
41
53
196
42
54
197
43
55
198
44
56
199
45
57
200
46
58
201
47
59
202
48
60
203
49
61
204
50
62
205
51
63
206
64
207
53
65
208
54
66
209
55
67
210
56
68
211
57
69
212
58
70
213
59
71
214
60
72
215
61
73
216
62
74
217
63
75
218
64
76
219
77
220
66
78
221
67
79
222
68
80
223
69
81
224
70
82
225
71
83
226
72
84
227
73
85
228
74
86
229
75
87
230
76
88
231
77
89
232
90
233
79
91
234
80
92
235
81
93
236
82
94
237
83
95
238
84
96
239
85
97
240
86
98
241
87
99
242
88
100
243
89
101
244
90
102
245
103
246
92
104
247
93
105
248
94
106
249
95
107
250
96
108
251
97
109
252
98
110
253
99
111
254
100
112
255
101
113
256
102
114
257
103
115
258
116
259
105
117
260
106
118
261
107
119
262
108
120
263
109
121
264
110
122
265
111
123
266
112
124
267
113
125
268
114
126
269
115
127
270
116
128
271
129
272
118
130
273
119
131
274
120
132
275
121
133
276
122
134
277
123
135
278
124
136
279
125
137
280
126
138
281
127
139
282
128
140
283
129
141
284
142
285
131
143
286
132
144
287
133
145
288
134
146
289
135
147
290
136
148
291
137
149
292
138
150
293
139
151
294
140
152
295
141
153
296
142
154
297
155
298
144
299
145
300
146
301
147
302
148
303
149
304
150
305
151
306
152
307
153
308
154
309
155
310
311
157
169
312
158
170
313
159
171
314
160
172
315
161
173
316
162
174
317
163
175
318
164
176
319
165
177
320
166
178
321
167
179
322
168
180
323
181
324
170
182
325
171
183
326
172
184
327
173
185
328
174
186
329
175
187
330
176
188
331
177
189
332
178
190
333
179
191
334
180
192
335
181
193
336
194
337
183
195
338
184
196
339
185
197
340
186
198
341
187
199
342
188
200
343
189
201
344
190
202
345
191
203
346
192
204
347
193
205
348
194
206
349
207
350
196
208
351
197
209
352
198
210
353
199
211
354
200
212
355
201
213
356
202
214
357
203
215
358
204
216
359
205
217
360
206
218
361
207
219
362
220
363
209
221
364
210
222
365
211
223
366
212
224
367
213
225
368
214
226
369
215
227
370
216
228
371
217
229
372
218
230
373
219
231
374
220
232
375
233
376
222
234
377
223
235
378
224
236
379
225
237
380
226
238
381
227
239
382
228
240
383
229
241
384
230
242
385
231
243
386
232
244
387
233
245
388
246
389
235
247
390
236
248
391
237
249
392
238
250
393
239
251
394
240
252
395
241
253
396
242
254
397
243
255
398
244
256
399
245
257
400
246
258
401
259
402
248
260
403
249
261
404
250
262
405
251
263
406
252
264
407
253
265
408
254
266
409
255
267
410
256
268
411
257
269
412
258
270
413
259
271
414
272
415
261
273
416
262
274
417
263
275
418
264
276
419
265
277
420
266
278
421
267
279
422
268
280
423
269
281
424
270
282
425
271
283
426
272
284
427
285
428
274
286
429
275
287
430
276
288
431
277
289
432
278
290
433
279
291
434
280
292
435
281
293
436
282
294
437
283
295
438
284
296
439
285
297
440
298
441
287
299
442
288
300
443
289
301
444
290
302
445
291
303
446
292
304
447
293
305
448
294
306
449
295
307
450
296
308
451
297
309
452
298
310
453
311
454
300
455
301
456
302
457
303
458
304
459
305
460
306
461
307
462
308
463
309
464
310
465
311
466
467
313
325
468
314
326
469
315
327
470
316
328
471
317
329
472
318
330
473
319
331
474
320
332
475
321
333
476
322
334
477
323
335
478
324
336
479
337
480
326
338
481
327
339
482
328
340
483
329
341
484
330
342
485
331
343
486
332
344
487
333
345
488
334
346
489
335
347
490
336
348
491
337
349
492
350
493
339
351
494
340
352
495
341
353
496
342
354
497
343
355
498
344
356
499
345
357
500
346
358
501
347
359
502
348
360
503
349
361
504
350
362
505
363
506
352
364
507
353
365
508
354
366
509
355
367
510
356
368
511
357
369
512
358
370
513
359
371
514
360
372
515
361
373
516
362
374
517
363
375
518
376
519
365
377
520
366
378
521
367
379
522
368
380
523
369
381
524
370
382
525
371
383
526
372
384
527
373
385
528
374
386
529
375
387
530
376
388
531
389
532
378
390
533
379
391
534
380
392
535
381
393
536
382
394
537
383
395
538
384
396
539
385
397
540
386
398
541
387
399
542
388
400
543
389
401
544
402
545
391
403
546
392
404
547
393
405
548
394
406
549
395
407
550
396
408
551
397
409
552
398
410
553
399
411
554
400
412
555
401
413
556
402
414
557
415
558
404
416
559
405
417
560
406
418
561
407
419
562
408
420
563
409
421
564
410
422
565
411
423
566
412
424
567
413
425
568
414
426
569
415
427
570
428
571
417
429
572
418
430
573
419
431
574
420
432
575
421
433
576
422
434
577
423
435
578
424
436
579
425
437
580
426
438
581
427
439
582
428
440
583
441
584
430
442
585
431
443
586
432
444
587
433
445
588
434
446
589
435
447
590
436
448
591
437
449
592
438
450
593
439
451
594
440
452
595
441
453
596
454
597
443
455
598
444
456
599
445
457
600
446
458
601
447
459
602
448
460
603
449
461
604
450
462
605
451
463
606
452
464
607
453
465
608
454
466
609
467
610
456
611
457
612
458
613
459
614
460
615
461
616
462
617
463
618
464
619
465
620
466
621
467
622
623
469
481
624
470
482
625
471
483
626
472
484
627
473
485
628
474
486
629
475
487
630
476
488
631
477
489
632
478
490
633
479
491
634
480
492
635
493
636
482
494
637
483
495
638
484
496
639
485
497
640
486
498
641
487
499
642
488
500
643
489
501
644
490
502
645
491
503
646
492
504
647
493
505
648
506
649
495
507
650
496
508
651
497
509
652
498
510
653
499
511
654
500
512
655
501
513
656
502
514
657
503
515
658
504
516
659
505
517
660
506
518
661
519
662
508
520
663
509
521
664
510
522
665
511
523
666
512
524
667
513
525
668
514
526
669
515
527
670
516
528
671
517
529
672
518
530
673
519
531
674
532
675
521
533
676
522
534
677
523
535
678
524
536
679
525
537
680
526
538
681
527
539
682
528
540
683
529
541
684
530
542
685
531
543
686
532
544
687
545
688
534
546
689
535
547
690
536
548
691
537
549
692
538
550
693
539
551
694
540
552
695
541
553
696
542
554
697
543
555
698
544
556
699
545
557
700
558
701
547
559
702
548
560
703
549
561
704
550
562
705
551
563
706
552
564
707
553
565
708
554
566
709
555
567
710
556
568
711
557
569
712
558
570
713
571
714
560
572
715
561
573
716
562
574
717
563
575
718
564
576
719
565
577
720
566
578
721
567
579
722
568
580
723
569
581
724
570
582
725
571
583
726
584
727
573
585
728
574
586
729
575
587
730
576
588
731
577
589
732
578
590
733
579
591
734
580
592
735
581
593
736
582
594
737
583
595
738
584
596
739
597
740
586
598
741
587
599
742
588
600
743
589
601
744
590
602
745
591
603
746
592
604
747
593
605
748
594
606
749
595
607
750
596
608
751
597
609
752
610
753
599
611
754
600
612
755
601
613
756
602
614
757
603
615
758
604
616
759
605
617
760
606
618
761
607
619
762
608
620
763
609
621
764
610
622
765
623
766
612
767
613
768
614
769
615
770
616
771
617
772
618
773
619
774
620
775
621
776
622
777
623
778
779
625
637
780
626
638
781
627
639
782
628
640
783
629
641
784
630
642
785
631
643
786
632
644
787
633
645
788
634
646
789
635
647
790
636
648
791
649
792
638
650
793
639
651
794
640
652
795
641
653
796
642
654
797
643
655
798
644
656
799
645
657
800
646
658
801
647
659
802
648
660
803
649
661
804
662
805
651
663
806
652
664
807
653
665
808
654
666
809
655
667
810
656
668
811
657
669
812
658
670
813
659
671
814
660
672
815
661
673
816
662
674
817
675
818
664
676
819
665
677
820
666
678
821
667
679
822
668
680
823
669
681
824
670
682
825
671
683
826
672
684
827
673
685
828
674
686
829
675
687
830
688
831
677
689
832
678
690
833
679
691
834
680
692
835
681
693
836
682
694
837
683
695
838
684
696
839
685
697
840
686
698
841
687
699
842
688
700
843
701
844
690
702
845
691
703
846
692
704
847
693
705
848
694
706
849
695
707
850
696
708
851
697
709
852
698
710
853
699
711
854
700
712
855
701
713
856
714
857
703
715
858
704
716
859
705
717
860
706
718
861
707
719
862
708
720
863
709
721
864
710
722
865
711
723
866
712
724
867
713
725
868
714
726
869
727
870
716
728
871
717
729
872
718
730
873
719
731
874
720
732
875
721
733
876
722
734
877
723
735
878
724
736
879
725
737
880
726
738
881
727
739
882
740
883
729
741
884
730
742
885
731
743
886
732
744
887
733
745
888
734
746
889
735
747
890
736
748
891
737
749
892
738
750
893
739
751
894
740
752
895
753
896
742
754
897
743
755
898
744
756
899
745
757
900
746
758
901
747
759
902
748
760
903
749
761
904
750
762
905
751
763
906
752
764
907
753
765
908
766
909
755
767
910
756
768
911
757
769
912
758
770
913
759
771
914
760
772
915
761
773
916
762
774
917
763
775
918
764
776
919
765
777
920
766
778
921
779
922
768
923
769
924
770
925
771
926
772
927
773
928
774
929
775
930
776
931
777
932
778
933
779
934
935
781
793
936
782
794
937
783
795
938
784
796
939
785
797
940
786
798
941
787
799
942
788
800
943
789
801
944
790
802
945
791
803
946
792
804
947
805
948
794
806
949
795
807
950
796
808
951
797
809
952
798
810
953
799
811
954
800
812
955
801
813
956
802
814
957
803
815
958
804
816
959
805
817
960
818
961
807
819
962
808
820
963
809
821
964
810
822
965
811
823
966
812
824
967
813
825
968
814
826
969
815
827
970
816
828
971
817
829
972
818
830
973
831
974
820
832
975
821
833
976
822
834
977
823
835
978
824
836
979
825
837
980
826
838
981
827
839
982
828
840
983
829
841
984
830
842
985
831
843
986
844
987
833
845
988
834
846
989
835
847
990
836
848
991
837
849
992
838
850
993
839
851
994
840
852
995
841
853
996
842
854
997
843
855
998
844
856
999
857
1000
846
858
1001
847
859
1002
848
860
1003
849
861
1004
850
862
1005
851
863
1006
852
864
1007
853
865
1008
854
866
1009
855
867
1010
856
868
1011
857
869
1012
870
1013
859
871
1014
860
872
1015
861
873
1016
862
874
1017
863
875
1018
864
876
1019
865
877
1020
866
878
1021
867
879
1022
868
880
1023
869
881
1024
870
882
1025
883
1026
872
884
1027
873
885
1028
874
886
1029
875
887
1030
876
888
1031
877
889
1032
878
890
1033
879
891
1034
880
892
1035
881
893
1036
882
894
1037
883
895
1038
896
1039
885
897
1040
886
898
1041
887
899
1042
888
900
1043
889
901
1044
890
902
1045
891
903
1046
892
904
1047
893
905
1048
894
906
1049
895
907
1050
896
908
1051
909
1052
898
910
1053
899
911
1054
900
912
1055
901
913
1056
902
914
1057
903
915
1058
904
916
1059
905
917
1060
906
918
1061
907
919
1062
908
920
1063
909
921
1064
922
1065
911
923
1066
912
924
1067
913
925
1068
914
926
1069
915
927
1070
916
928
1071
917
929
1072
918
930
1073
919
931
1074
920
932
1075
921
933
1076
922
934
1077
935
1078
924
1079
925
1080
926
1081
927
1082
928
1083
929
1084
930
1085
931
1086
932
1087
933
1088
934
1089
935
1090
1091
937
949
1092
938
950
1093
939
951
1094
940
952
1095
941
953
1096
942
954
1097
943
955
1098
944
956
1099
945
957
1100
946
958
1101
947
959
1102
948
960
1103
961
1104
950
962
1105
951
963
1106
952
964
1107
953
965
1108
954
966
1109
955
967
1110
956
968
1111
957
969
1112
958
970
1113
959
971
1114
960
972
1115
961
973
1116
974
1117
963
975
1118
964
976
1119
965
977
1120
966
978
1121
967
979
1122
968
980
1123
969
981
1124
970
982
1125
971
983
1126
972
984
1127
973
985
1128
974
986
1129
987
1130
976
988
1131
977
989
1132
978
990
1133
979
991
1134
980
992
1135
981
993
1136
982
994
1137
983
995
1138
984
996
1139
985
997
1140
986
998
1141
987
999
1142
1000
1143
989
1001
1144
990
1002
1145
991
1003
1146
992
1004
1147
993
1005
1148
994
1006
1149
995
1007
1150
996
1008
1151
997
1009
1152
998
1010
1153
999
1011
1154
1000
1012
1155
1013
1156
1002
1014
1157
1003
1015
1158
1004
1016
1159
1005
1017
1160
1006
1018
1161
1007
1019
1162
1008
1020
1163
1009
1021
1164
1010
1022
1165
1011
1023
1166
1012
1024
1167
1013
1025
1168
1026
1169
1015
1027
1170
1016
1028
1171
1017
1029
1172
1018
1030
1173
1019
1031
1174
1020
1032
1175
1021
1033
1176
1022
1034
1177
1023
1035
1178
1024
1036
1179
1025
1037
1180
1026
1038
1181
1039
1182
1028
1040
1183
1029
1041
1184
1030
1042
1185
1031
1043
1186
1032
1044
1187
1033
1045
1188
1034
1046
1189
1035
1047
1190
1036
1048
1191
1037
1049
1192
1038
1050
1193
1039
1051
1194
1052
1195
1041
1053
1196
1042
1054
1197
1043
1055
1198
1044
1056
1199
1045
1057
1200
1046
1058
1201
1047
1059
1202
1048
1060
1203
1049
1061
1204
1050
1062
1205
1051
1063
1206
1052
1064
1207
1065
1208
1054
1066
1209
1055
1067
1210
1056
1068
1211
1057
1069
1212
1058
1070
1213
1059
1071
1214
1060
1072
1215
1061
1073
1216
1062
1074
1217
1063
1075
1218
1064
1076
1219
1065
1077
1220
1078
1221
1067
1079
1222
1068
1080
1223
1069
1081
1224
1070
1082
1225
1071
1083
1226
1072
1084
1227
1073
1085
1228
1074
1086
1229
1075
1087
1230
1076
1088
1231
1077
1089
1232
1078
1090
1233
1091
1234
1080
1235
1081
1236
1082
1237
1083
1238
1084
1239
1085
1240
1086
1241
1087
1242
1088
1243
1089
1244
1090
1245
1091
1246
1247
1093
1105
1248
1094
1106
1249
1095
1107
1250
1096
1108
1251
1097
1109
1252
1098
1110
1253
1099
1111
1254
1100
1112
1255
1101
1113
1256
1102
1114
1257
1103
1115
1258
1104
1116
1259
1117
1260
1106
1118
1261
1107
1119
1262
1108
1120
1263
1109
1121
1264
1110
1122
1265
1111
1123
1266
1112
1124
1267
1113
1125
1268
1114
1126
1269
1115
1127
1270
1116
1128
1271
1117
1129
1272
1130
1273
1119
1131
1274
1120
1132
1275
1121
1133
1276
1122
1134
1277
1123
1135
1278
1124
1136
1279
1125
1137
1280
1126
1138
1281
1127
1139
1282
1128
1140
1283
1129
1141
1284
1130
1142
1285
1143
1286
1132
1144
1287
1133
1145
1288
1134
1146
1289
1135
1147
1290
1136
1148
1291
1137
1149
1292
1138
1150
1293
1139
1151
1294
1140
1152
1295
1141
1153
1296
1142
1154
1297
1143
1155
1298
1156
1299
1145
1157
1300
1146
1158
1301
1147
1159
1302
1148
1160
1303
1149
1161
1304
1150
1162
1305
1151
1163
1306
1152
1164
1307
1153
1165
1308
1154
1166
1309
1155
1167
1310
1156
1168
1311
1169
1312
1158
1170
1313
1159
1171
1314
1160
1172
1315
1161
1173
1316
1162
1174
1317
1163
1175
1318
1164
1176
1319
1165
1177
1320
1166
1178
1321
1167
1179
1322
1168
1180
1323
1169
1181
1324
1182
1325
1171
1183
1326
1172
1184
1327
1173
1185
1328
1174
1186
1329
1175
1187
1330
1176
1188
1331
1177
1189
1332
1178
1190
1333
1179
1191
1334
1180
1192
1335
1181
1193
1336
1182
1194
1337
1195
1338
1184
1196
1339
1185
1197
1340
1186
1198
1341
1187
1199
1342
1188
1200
1343
1189
1201
1344
1190
1202
1345
1191
1203
1346
1192
1204
1347
1193
1205
1348
1194
1206
1349
1195
1207
1350
1208
1351
1197
1209
1352
1198
1210
1353
1199
1211
1354
1200
1212
1355
1201
1213
1356
1202
1214
1357
1203
1215
1358
1204
1216
1359
1205
1217
1360
1206
1218
1361
1207
1219
1362
1208
1220
1363
1221
1364
1210
1222
1365
1211
1223
1366
1212
1224
1367
1213
1225
1368
1214
1226
1369
1215
1227
1370
1216
1228
1371
1217
1229
1372
1218
1230
1373
1219
1231
1374
1220
1232
1375
1221
1233
1376
1234
1377
1223
1235
1378
1224
1236
1379
1225
1237
1380
1226
1238
1381
1227
1239
1382
1228
1240
1383
1229
1241
1384
1230
1242
1385
1231
1243
1386
1232
1244
1387
1233
1245
1388
1234
1246
1389
1247
1390
1236
1391
1237
1392
1238
1393
1239
1394
1240
1395
1241
1396
1242
1397
1243
1398
1244
1399
1245
1400
1246
1401
1247
1402
1403
1249
1261
1404
1250
1262
1405
1251
1263
1406
1252
1264
1407
1253
1265
1408
1254
1266
1409
1255
1267
1410
1256
1268
1411
1257
1269
1412
1258
1270
1413
1259
1271
1414
1260
1272
1415
1273
1416
1262
1274
1417
1263
1275
1418
1264
1276
1419
1265
1277
1420
1266
1278
1421
1267
1279
1422
1268
1280
1423
1269
1281
1424
1270
1282
1425
1271
1283
1426
1272
1284
1427
1273
1285
1428
1286
1429
1275
1287
1430
1276
1288
1431
1277
1289
1432
1278
1290
1433
1279
1291
1434
1280
1292
1435
1281
1293
1436
1282
1294
1437
1283
1295
1438
1284
1296
1439
1285
1297
1440
1286
1298
1441
1299
1442
1288
1300
1443
1289
1301
1444
1290
1302
1445
1291
1303
1446
1292
1304
1447
1293
1305
1448
1294
1306
1449
1295
1307
1450
1296
1308
1451
1297
1309
1452
1298
1310
1453
1299
1311
1454
1312
1455
1301
1313
1456
1302
1314
1457
1303
1315
1458
1304
1316
1459
1305
1317
1460
1306
1318
1461
1307
1319
1462
1308
1320
1463
1309
1321
1464
1310
1322
1465
1311
1323
1466
1312
1324
1467
1325
1468
1314
1326
1469
1315
1327
1470
1316
1328
1471
1317
1329
1472
1318
1330
1473
1319
1331
1474
1320
1332
1475
1321
1333
1476
1322
1334
1477
1323
1335
1478
1324
1336
1479
1325
1337
1480
1338
1481
1327
1339
1482
1328
1340
1483
1329
1341
1484
1330
1342
1485
1331
1343
1486
1332
1344
1487
1333
1345
1488
1334
1346
1489
1335
1347
1490
1336
1348
1491
1337
1349
1492
1338
1350
1493
1351
1494
1340
1352
1495
1341
1353
1496
1342
1354
1497
1343
1355
1498
1344
1356
1499
1345
1357
1500
1346
1358
1501
1347
1359
1502
1348
1360
1503
1349
1361
1504
1350
1362
1505
1351
1363
1506
1364
1507
1353
1365
1508
1354
1366
1509
1355
1367
1510
1356
1368
1511
1357
1369
1512
1358
1370
1513
1359
1371
1514
1360
1372
1515
1361
1373
1516
1362
1374
1517
1363
1375
1518
1364
1376
1519
1377
1520
1366
1378
1521
1367
1379
1522
1368
1380
1523
1369
1381
1524
1370
1382
1525
1371
1383
1526
1372
1384
1527
1373
1385
1528
1374
1386
1529
1375
1387
1530
1376
1388
1531
1377
1389
1532
1390
1533
1379
1391
1534
1380
1392
1535
1381
1393
1536
1382
1394
1537
1383
1395
1538
1384
1396
1539
1385
1397
1540
1386
1398
1541
1387
1399
1542
1388
1400
1543
1389
1401
1544
1390
1402
1545
1403
1546
1392
1547
1393
1548
1394
1549
1395
1550
1396
1551
1397
1552
1398
1553
1399
1554
1400
1555
1401
1556
1402
1557
1403
1558
1559
1405
1417
1560
1406
1418
1561
1407
1419
1562
1408
1420
1563
1409
1421
1564
1410
1422
1565
1411
1423
1566
1412
1424
1567
1413
1425
1568
1414
1426
1569
1415
1427
1570
1416
1428
1571
1429
1572
1418
1430
1573
1419
1431
1574
1420
1432
1575
1421
1433
1576
1422
1434
1577
1423
1435
1578
1424
1436
1579
1425
1437
1580
1426
1438
1581
1427
1439
1582
1428
1440
1583
1429
1441
1584
1442
1585
1431
1443
1586
1432
1444
1587
1433
1445
1588
1434
1446
1589
1435
1447
1590
1436
1448
1591
1437
1449
1592
1438
1450
1593
1439
1451
1594
1440
1452
1595
1441
1453
1596
1442
1454
1597
1455
1598
1444
1456
1599
1445
1457
1600
1446
1458
1601
1447
1459
1602
1448
1460
1603
1449
1461
1604
1450
1462
1605
1451
1463
1606
1452
1464
1607
1453
1465
1608
1454
1466
1609
1455
1467
1610
1468
1611
1457
1469
1612
1458
1470
1613
1459
1471
1614
1460
1472
1615
1461
1473
1616
1462
1474
1617
1463
1475
1618
1464
1476
1619
1465
1477
1620
1466
1478
1621
1467
1479
1622
1468
1480
1623
1481
1624
1470
1482
1625
1471
1483
1626
1472
1484
1627
1473
1485
1628
1474
1486
1629
1475
1487
1630
1476
1488
1631
1477
1489
1632
1478
1490
1633
1479
1491
1634
1480
1492
1635
1481
1493
1636
1494
1637
1483
1495
1638
1484
1496
1639
1485
1497
1640
1486
1498
1641
1487
1499
1642
1488
1500
1643
1489
1501
1644
1490
1502
1645
1491
1503
1646
1492
1504
1647
1493
1505
1648
1494
1506
1649
1507
1650
1496
1508
1651
1497
1509
1652
1498
1510
1653
1499
1511
1654
1500
1512
1655
1501
1513
1656
1502
1514
1657
1503
1515
1658
1504
1516
1659
1505
1517
1660
1506
1518
1661
1507
1519
1662
1520
1663
1509
1521
1664
1510
1522
1665
1511
1523
1666
1512
1524
1667
1513
1525
1668
1514
1526
1669
1515
1527
1670
1516
1528
1671
1517
1529
1672
1518
1530
1673
1519
1531
1674
1520
1532
1675
1533
1676
1522
1534
1677
1523
1535
1678
1524
1536
1679
1525
1537
1680
1526
1538
1681
1527
1539
1682
1528
1540
1683
1529
1541
1684
1530
1542
1685
1531
1543
1686
1532
1544
1687
1533
1545
1688
1546
1689
1535
1547
1690
1536
1548
1691
1537
1549
1692
1538
1550
1693
1539
1551
1694
1540
1552
1695
1541
1553
1696
1542
1554
1697
1543
1555
1698
1544
1556
1699
1545
1557
1700
1546
1558
1701
1559
1702
1548
1703
1549
1704
1550
1705
1551
1706
1552
1707
1553
1708
1554
1709
1555
1710
1556
1711
1557
1712
1558
1713
1559
1714
1715
1561
1573
1716
1562
1574
1717
1563
1575
1718
1564
1576
1719
1565
1577
1720
1566
1578
1721
1567
1579
1722
1568
1580
1723
1569
1581
1724
1570
1582
1725
1571
1583
1726
1572
1584
1727
1585
1728
1574
1586
1729
1575
1587
1730
1576
1588
1731
1577
1589
1732
1578
1590
1733
1579
1591
1734
1580
1592
1735
1581
1593
1736
1582
1594
1737
1583
1595
1738
1584
1596
1739
1585
1597
1740
1598
1741
1587
1599
1742
1588
1600
1743
1589
1601
1744
1590
1602
1745
1591
1603
1746
1592
1604
1747
1593
1605
1748
1594
1606
1749
1595
1607
1750
1596
1608
1751
1597
1609
1752
1598
1610
1753
1611
1754
1600
1612
1755
1601
1613
1756
1602
1614
1757
1603
1615
1758
1604
1616
1759
1605
1617
1760
1606
1618
1761
1607
1619
1762
1608
1620
1763
1609
1621
1764
1610
1622
1765
1611
1623
1766
1624
1767
1613
1625
1768
1614
1626
1769
1615
1627
1770
1616
1628
1771
1617
1629
1772
1618
1630
1773
1619
1631
1774
1620
1632
1775
1621
1633
1776
1622
1634
1777
1623
1635
1778
1624
1636
1779
1637
1780
1626
1638
1781
1627
1639
1782
1628
1640
1783
1629
1641
1784
1630
1642
1785
1631
1643
1786
1632
1644
1787
1633
1645
1788
1634
1646
1789
1635
1647
1790
1636
1648
1791
1637
1649
1792
1650
1793
1639
1651
1794
1640
1652
1795
1641
1653
1796
1642
1654
1797
1643
1655
1798
1644
1656
1799
1645
1657
1800
1646
1658
1801
1647
1659
1802
1648
1660
1803
1649
1661
1804
1650
1662
1805
1663
1806
1652
1664
1807
1653
1665
1808
1654
1666
1809
1655
1667
1810
1656
1668
1811
1657
1669
1812
1658
1670
1813
1659
1671
1814
1660
1672
1815
1661
1673
1816
1662
1674
1817
1663
1675
1818
1676
1819
1665
1677
1820
1666
1678
1821
1667
1679
1822
1668
1680
1823
1669
1681
1824
1670
1682
1825
1671
1683
1826
1672
1684
1827
1673
1685
1828
1674
1686
1829
1675
1687
1830
1676
1688
1831
1689
1832
1678
1690
1833
1679
1691
1834
1680
1692
1835
1681
1693
1836
1682
1694
1837
1683
1695
1838
1684
1696
1839
1685
1697
1840
1686
1698
1841
1687
1699
1842
1688
1700
1843
1689
1701
1844
1702
1845
1691
1703
1846
1692
1704
1847
1693
1705
1848
1694
1706
1849
1695
1707
1850
1696
1708
1851
1697
1709
1852
1698
1710
1853
1699
1711
1854
1700
1712
1855
1701
1713
1856
1702
1714
1857
1715
1858
1704
1859
1705
1860
1706
1861
1707
1862
1708
1863
1709
1864
1710
1865
1711
1866
1712
1867
1713
1868
1714
1869
1715
1870
1871
1717
1729
1718
1730
1719
1731
1720
1732
1721
1733
1722
1734
1723
1735
1724
1736
1725
1737
1726
1738
1727
1739
1728
1740
1741
1730
1742
1731
1743
1732
1744
1733
1745
1734
1746
1735
1747
1736
1748
1737
1749
1738
1750
1739
1751
1740
1752
1741
1753
1754
1743
1755
1744
1756
1745
1757
1746
1758
1747
1759
1748
1760
1749
1761
1750
1762
1751
1763
1752
1764
1753
1765
1754
1766
1767
1756
1768
1757
1769
1758
1770
1759
1771
1760
1772
1761
1773
1762
1774
1763
1775
1764
1776
1765
1777
1766
1778
1767
1779
1780
1769
1781
1770
1782
1771
1783
1772
1784
1773
1785
1774
1786
1775
1787
1776
1788
1777
1789
1778
1790
1779
1791
1780
1792
1793
1782
1794
1783
1795
1784
1796
1785
1797
1786
1798
1787
1799
1788
1800
1789
1801
1790
1802
1791
1803
1792
1804
1793
1805
1806
1795
1807
1796
1808
1797
1809
1798
1810
1799
1811
1800
1812
1801
1813
1802
1814
1803
1815
1804
1816
1805
1817
1806
1818
1819
1808
1820
1809
1821
1810
1822
1811
1823
1812
1824
1813
1825
1814
1826
1815
1827
1816
1828
1817
1829
1818
1830
1819
1831
1832
1821
1833
1822
1834
1823
1835
1824
1836
1825
1837
1826
1838
1827
1839
1828
1840
1829
1841
1830
1842
1831
1843
1832
1844
1845
1834
1846
1835
1847
1836
1848
1837
1849
1838
1850
1839
1851
1840
1852
1841
1853
1842
1854
1843
1855
1844
1856
1845
1857
1858
1847
1859
1848
1860
1849
1861
1850
1862
1851
1863
1852
1864
1853
1865
1854
1866
1855
1867
1856
1868
1857
1869
1858
1870
1871
1860
1861
1862
1863
1864
1865
1866
1867
1868
1869
1870
1871
)


// ************************************************************************* //
