/*--------------------------------*- C++ -*----------------------------------*\
  =========                 |
  \\      /  F ield         | OpenFOAM: The Open Source CFD Toolbox
   \\    /   O peration     | Website:  https://openfoam.org
    \\  /    A nd           | Version:  7
     \\/     M anipulation  |
\*---------------------------------------------------------------------------*/
FoamFile
{
    version     2.0;
    format      ascii;
    class       vectorField;
    location    "constant/polyMesh";
    object      points;
}
// * * * * * * * * * * * * * * * * * * * * * * * * * * * * * * * * * * * * * //


2366
(
(-5 0 0)
(-3.076923077 0 0)
(-1.153846154 0 0)
(0.7692307692 0 0)
(2.692307692 0 0)
(4.615384615 0 0)
(6.538461538 0 0)
(8.461538462 0 0)
(10.38461538 0 0)
(12.30769231 0 0)
(14.23076923 0 0)
(16.15384615 0 0)
(18.07692308 0 0)
(20 0 0)
(-5 1.666666667 0)
(-3.076923077 1.666666667 0)
(-1.153846154 1.666666667 0)
(0.7692307692 1.666666667 0)
(2.692307692 1.666666667 0)
(4.615384615 1.666666667 0)
(6.538461538 1.666666667 0)
(8.461538462 1.666666667 0)
(10.38461538 1.666666667 0)
(12.30769231 1.666666667 0)
(14.23076923 1.666666667 0)
(16.15384615 1.666666667 0)
(18.07692308 1.666666667 0)
(20 1.666666667 0)
(-5 3.333333333 0)
(-3.076923077 3.333333333 0)
(-1.153846154 3.333333333 0)
(0.7692307692 3.333333333 0)
(2.692307692 3.333333333 0)
(4.615384615 3.333333333 0)
(6.538461538 3.333333333 0)
(8.461538462 3.333333333 0)
(10.38461538 3.333333333 0)
(12.30769231 3.333333333 0)
(14.23076923 3.333333333 0)
(16.15384615 3.333333333 0)
(18.07692308 3.333333333 0)
(20 3.333333333 0)
(-5 5 0)
(-3.076923077 5 0)
(-1.153846154 5 0)
(0.7692307692 5 0)
(2.692307692 5 0)
(4.615384615 5 0)
(6.538461538 5 0)
(8.461538462 5 0)
(10.38461538 5 0)
(12.30769231 5 0)
(14.23076923 5 0)
(16.15384615 5 0)
(18.07692308 5 0)
(20 5 0)
(-5 6.666666667 0)
(-3.076923077 6.666666667 0)
(-1.153846154 6.666666667 0)
(0.7692307692 6.666666667 0)
(2.692307692 6.666666667 0)
(4.615384615 6.666666667 0)
(6.538461538 6.666666667 0)
(8.461538462 6.666666667 0)
(10.38461538 6.666666667 0)
(12.30769231 6.666666667 0)
(14.23076923 6.666666667 0)
(16.15384615 6.666666667 0)
(18.07692308 6.666666667 0)
(20 6.666666667 0)
(-5 8.333333333 0)
(-3.076923077 8.333333333 0)
(-1.153846154 8.333333333 0)
(0.7692307692 8.333333333 0)
(2.692307692 8.333333333 0)
(4.615384615 8.333333333 0)
(6.538461538 8.333333333 0)
(8.461538462 8.333333333 0)
(10.38461538 8.333333333 0)
(12.30769231 8.333333333 0)
(14.23076923 8.333333333 0)
(16.15384615 8.333333333 0)
(18.07692308 8.333333333 0)
(20 8.333333333 0)
(-5 10 0)
(-3.076923077 10 0)
(-1.153846154 10 0)
(0.7692307692 10 0)
(2.692307692 10 0)
(4.615384615 10 0)
(6.538461538 10 0)
(8.461538462 10 0)
(10.38461538 10 0)
(12.30769231 10 0)
(14.23076923 10 0)
(16.15384615 10 0)
(18.07692308 10 0)
(20 10 0)
(-5 11.66666667 0)
(-3.076923077 11.66666667 0)
(-1.153846154 11.66666667 0)
(0.7692307692 11.66666667 0)
(2.692307692 11.66666667 0)
(4.615384615 11.66666667 0)
(6.538461538 11.66666667 0)
(8.461538462 11.66666667 0)
(10.38461538 11.66666667 0)
(12.30769231 11.66666667 0)
(14.23076923 11.66666667 0)
(16.15384615 11.66666667 0)
(18.07692308 11.66666667 0)
(20 11.66666667 0)
(-5 13.33333333 0)
(-3.076923077 13.33333333 0)
(-1.153846154 13.33333333 0)
(0.7692307692 13.33333333 0)
(2.692307692 13.33333333 0)
(4.615384615 13.33333333 0)
(6.538461538 13.33333333 0)
(8.461538462 13.33333333 0)
(10.38461538 13.33333333 0)
(12.30769231 13.33333333 0)
(14.23076923 13.33333333 0)
(16.15384615 13.33333333 0)
(18.07692308 13.33333333 0)
(20 13.33333333 0)
(-5 15 0)
(-3.076923077 15 0)
(-1.153846154 15 0)
(0.7692307692 15 0)
(2.692307692 15 0)
(4.615384615 15 0)
(6.538461538 15 0)
(8.461538462 15 0)
(10.38461538 15 0)
(12.30769231 15 0)
(14.23076923 15 0)
(16.15384615 15 0)
(18.07692308 15 0)
(20 15 0)
(-5 16.66666667 0)
(-3.076923077 16.66666667 0)
(-1.153846154 16.66666667 0)
(0.7692307692 16.66666667 0)
(2.692307692 16.66666667 0)
(4.615384615 16.66666667 0)
(6.538461538 16.66666667 0)
(8.461538462 16.66666667 0)
(10.38461538 16.66666667 0)
(12.30769231 16.66666667 0)
(14.23076923 16.66666667 0)
(16.15384615 16.66666667 0)
(18.07692308 16.66666667 0)
(20 16.66666667 0)
(-5 18.33333333 0)
(-3.076923077 18.33333333 0)
(-1.153846154 18.33333333 0)
(0.7692307692 18.33333333 0)
(2.692307692 18.33333333 0)
(4.615384615 18.33333333 0)
(6.538461538 18.33333333 0)
(8.461538462 18.33333333 0)
(10.38461538 18.33333333 0)
(12.30769231 18.33333333 0)
(14.23076923 18.33333333 0)
(16.15384615 18.33333333 0)
(18.07692308 18.33333333 0)
(20 18.33333333 0)
(-5 20 0)
(-3.076923077 20 0)
(-1.153846154 20 0)
(0.7692307692 20 0)
(2.692307692 20 0)
(4.615384615 20 0)
(6.538461538 20 0)
(8.461538462 20 0)
(10.38461538 20 0)
(12.30769231 20 0)
(14.23076923 20 0)
(16.15384615 20 0)
(18.07692308 20 0)
(20 20 0)
(-5 0 1.666666667)
(-3.076923077 0 1.666666667)
(-1.153846154 0 1.666666667)
(0.7692307692 0 1.666666667)
(2.692307692 0 1.666666667)
(4.615384615 0 1.666666667)
(6.538461538 0 1.666666667)
(8.461538462 0 1.666666667)
(10.38461538 0 1.666666667)
(12.30769231 0 1.666666667)
(14.23076923 0 1.666666667)
(16.15384615 0 1.666666667)
(18.07692308 0 1.666666667)
(20 0 1.666666667)
(-5 1.666666667 1.666666667)
(-3.076923077 1.666666667 1.666666667)
(-1.153846154 1.666666667 1.666666667)
(0.7692307692 1.666666667 1.666666667)
(2.692307692 1.666666667 1.666666667)
(4.615384615 1.666666667 1.666666667)
(6.538461538 1.666666667 1.666666667)
(8.461538462 1.666666667 1.666666667)
(10.38461538 1.666666667 1.666666667)
(12.30769231 1.666666667 1.666666667)
(14.23076923 1.666666667 1.666666667)
(16.15384615 1.666666667 1.666666667)
(18.07692308 1.666666667 1.666666667)
(20 1.666666667 1.666666667)
(-5 3.333333333 1.666666667)
(-3.076923077 3.333333333 1.666666667)
(-1.153846154 3.333333333 1.666666667)
(0.7692307692 3.333333333 1.666666667)
(2.692307692 3.333333333 1.666666667)
(4.615384615 3.333333333 1.666666667)
(6.538461538 3.333333333 1.666666667)
(8.461538462 3.333333333 1.666666667)
(10.38461538 3.333333333 1.666666667)
(12.30769231 3.333333333 1.666666667)
(14.23076923 3.333333333 1.666666667)
(16.15384615 3.333333333 1.666666667)
(18.07692308 3.333333333 1.666666667)
(20 3.333333333 1.666666667)
(-5 5 1.666666667)
(-3.076923077 5 1.666666667)
(-1.153846154 5 1.666666667)
(0.7692307692 5 1.666666667)
(2.692307692 5 1.666666667)
(4.615384615 5 1.666666667)
(6.538461538 5 1.666666667)
(8.461538462 5 1.666666667)
(10.38461538 5 1.666666667)
(12.30769231 5 1.666666667)
(14.23076923 5 1.666666667)
(16.15384615 5 1.666666667)
(18.07692308 5 1.666666667)
(20 5 1.666666667)
(-5 6.666666667 1.666666667)
(-3.076923077 6.666666667 1.666666667)
(-1.153846154 6.666666667 1.666666667)
(0.7692307692 6.666666667 1.666666667)
(2.692307692 6.666666667 1.666666667)
(4.615384615 6.666666667 1.666666667)
(6.538461538 6.666666667 1.666666667)
(8.461538462 6.666666667 1.666666667)
(10.38461538 6.666666667 1.666666667)
(12.30769231 6.666666667 1.666666667)
(14.23076923 6.666666667 1.666666667)
(16.15384615 6.666666667 1.666666667)
(18.07692308 6.666666667 1.666666667)
(20 6.666666667 1.666666667)
(-5 8.333333333 1.666666667)
(-3.076923077 8.333333333 1.666666667)
(-1.153846154 8.333333333 1.666666667)
(0.7692307692 8.333333333 1.666666667)
(2.692307692 8.333333333 1.666666667)
(4.615384615 8.333333333 1.666666667)
(6.538461538 8.333333333 1.666666667)
(8.461538462 8.333333333 1.666666667)
(10.38461538 8.333333333 1.666666667)
(12.30769231 8.333333333 1.666666667)
(14.23076923 8.333333333 1.666666667)
(16.15384615 8.333333333 1.666666667)
(18.07692308 8.333333333 1.666666667)
(20 8.333333333 1.666666667)
(-5 10 1.666666667)
(-3.076923077 10 1.666666667)
(-1.153846154 10 1.666666667)
(0.7692307692 10 1.666666667)
(2.692307692 10 1.666666667)
(4.615384615 10 1.666666667)
(6.538461538 10 1.666666667)
(8.461538462 10 1.666666667)
(10.38461538 10 1.666666667)
(12.30769231 10 1.666666667)
(14.23076923 10 1.666666667)
(16.15384615 10 1.666666667)
(18.07692308 10 1.666666667)
(20 10 1.666666667)
(-5 11.66666667 1.666666667)
(-3.076923077 11.66666667 1.666666667)
(-1.153846154 11.66666667 1.666666667)
(0.7692307692 11.66666667 1.666666667)
(2.692307692 11.66666667 1.666666667)
(4.615384615 11.66666667 1.666666667)
(6.538461538 11.66666667 1.666666667)
(8.461538462 11.66666667 1.666666667)
(10.38461538 11.66666667 1.666666667)
(12.30769231 11.66666667 1.666666667)
(14.23076923 11.66666667 1.666666667)
(16.15384615 11.66666667 1.666666667)
(18.07692308 11.66666667 1.666666667)
(20 11.66666667 1.666666667)
(-5 13.33333333 1.666666667)
(-3.076923077 13.33333333 1.666666667)
(-1.153846154 13.33333333 1.666666667)
(0.7692307692 13.33333333 1.666666667)
(2.692307692 13.33333333 1.666666667)
(4.615384615 13.33333333 1.666666667)
(6.538461538 13.33333333 1.666666667)
(8.461538462 13.33333333 1.666666667)
(10.38461538 13.33333333 1.666666667)
(12.30769231 13.33333333 1.666666667)
(14.23076923 13.33333333 1.666666667)
(16.15384615 13.33333333 1.666666667)
(18.07692308 13.33333333 1.666666667)
(20 13.33333333 1.666666667)
(-5 15 1.666666667)
(-3.076923077 15 1.666666667)
(-1.153846154 15 1.666666667)
(0.7692307692 15 1.666666667)
(2.692307692 15 1.666666667)
(4.615384615 15 1.666666667)
(6.538461538 15 1.666666667)
(8.461538462 15 1.666666667)
(10.38461538 15 1.666666667)
(12.30769231 15 1.666666667)
(14.23076923 15 1.666666667)
(16.15384615 15 1.666666667)
(18.07692308 15 1.666666667)
(20 15 1.666666667)
(-5 16.66666667 1.666666667)
(-3.076923077 16.66666667 1.666666667)
(-1.153846154 16.66666667 1.666666667)
(0.7692307692 16.66666667 1.666666667)
(2.692307692 16.66666667 1.666666667)
(4.615384615 16.66666667 1.666666667)
(6.538461538 16.66666667 1.666666667)
(8.461538462 16.66666667 1.666666667)
(10.38461538 16.66666667 1.666666667)
(12.30769231 16.66666667 1.666666667)
(14.23076923 16.66666667 1.666666667)
(16.15384615 16.66666667 1.666666667)
(18.07692308 16.66666667 1.666666667)
(20 16.66666667 1.666666667)
(-5 18.33333333 1.666666667)
(-3.076923077 18.33333333 1.666666667)
(-1.153846154 18.33333333 1.666666667)
(0.7692307692 18.33333333 1.666666667)
(2.692307692 18.33333333 1.666666667)
(4.615384615 18.33333333 1.666666667)
(6.538461538 18.33333333 1.666666667)
(8.461538462 18.33333333 1.666666667)
(10.38461538 18.33333333 1.666666667)
(12.30769231 18.33333333 1.666666667)
(14.23076923 18.33333333 1.666666667)
(16.15384615 18.33333333 1.666666667)
(18.07692308 18.33333333 1.666666667)
(20 18.33333333 1.666666667)
(-5 20 1.666666667)
(-3.076923077 20 1.666666667)
(-1.153846154 20 1.666666667)
(0.7692307692 20 1.666666667)
(2.692307692 20 1.666666667)
(4.615384615 20 1.666666667)
(6.538461538 20 1.666666667)
(8.461538462 20 1.666666667)
(10.38461538 20 1.666666667)
(12.30769231 20 1.666666667)
(14.23076923 20 1.666666667)
(16.15384615 20 1.666666667)
(18.07692308 20 1.666666667)
(20 20 1.666666667)
(-5 0 3.333333333)
(-3.076923077 0 3.333333333)
(-1.153846154 0 3.333333333)
(0.7692307692 0 3.333333333)
(2.692307692 0 3.333333333)
(4.615384615 0 3.333333333)
(6.538461538 0 3.333333333)
(8.461538462 0 3.333333333)
(10.38461538 0 3.333333333)
(12.30769231 0 3.333333333)
(14.23076923 0 3.333333333)
(16.15384615 0 3.333333333)
(18.07692308 0 3.333333333)
(20 0 3.333333333)
(-5 1.666666667 3.333333333)
(-3.076923077 1.666666667 3.333333333)
(-1.153846154 1.666666667 3.333333333)
(0.7692307692 1.666666667 3.333333333)
(2.692307692 1.666666667 3.333333333)
(4.615384615 1.666666667 3.333333333)
(6.538461538 1.666666667 3.333333333)
(8.461538462 1.666666667 3.333333333)
(10.38461538 1.666666667 3.333333333)
(12.30769231 1.666666667 3.333333333)
(14.23076923 1.666666667 3.333333333)
(16.15384615 1.666666667 3.333333333)
(18.07692308 1.666666667 3.333333333)
(20 1.666666667 3.333333333)
(-5 3.333333333 3.333333333)
(-3.076923077 3.333333333 3.333333333)
(-1.153846154 3.333333333 3.333333333)
(0.7692307692 3.333333333 3.333333333)
(2.692307692 3.333333333 3.333333333)
(4.615384615 3.333333333 3.333333333)
(6.538461538 3.333333333 3.333333333)
(8.461538462 3.333333333 3.333333333)
(10.38461538 3.333333333 3.333333333)
(12.30769231 3.333333333 3.333333333)
(14.23076923 3.333333333 3.333333333)
(16.15384615 3.333333333 3.333333333)
(18.07692308 3.333333333 3.333333333)
(20 3.333333333 3.333333333)
(-5 5 3.333333333)
(-3.076923077 5 3.333333333)
(-1.153846154 5 3.333333333)
(0.7692307692 5 3.333333333)
(2.692307692 5 3.333333333)
(4.615384615 5 3.333333333)
(6.538461538 5 3.333333333)
(8.461538462 5 3.333333333)
(10.38461538 5 3.333333333)
(12.30769231 5 3.333333333)
(14.23076923 5 3.333333333)
(16.15384615 5 3.333333333)
(18.07692308 5 3.333333333)
(20 5 3.333333333)
(-5 6.666666667 3.333333333)
(-3.076923077 6.666666667 3.333333333)
(-1.153846154 6.666666667 3.333333333)
(0.7692307692 6.666666667 3.333333333)
(2.692307692 6.666666667 3.333333333)
(4.615384615 6.666666667 3.333333333)
(6.538461538 6.666666667 3.333333333)
(8.461538462 6.666666667 3.333333333)
(10.38461538 6.666666667 3.333333333)
(12.30769231 6.666666667 3.333333333)
(14.23076923 6.666666667 3.333333333)
(16.15384615 6.666666667 3.333333333)
(18.07692308 6.666666667 3.333333333)
(20 6.666666667 3.333333333)
(-5 8.333333333 3.333333333)
(-3.076923077 8.333333333 3.333333333)
(-1.153846154 8.333333333 3.333333333)
(0.7692307692 8.333333333 3.333333333)
(2.692307692 8.333333333 3.333333333)
(4.615384615 8.333333333 3.333333333)
(6.538461538 8.333333333 3.333333333)
(8.461538462 8.333333333 3.333333333)
(10.38461538 8.333333333 3.333333333)
(12.30769231 8.333333333 3.333333333)
(14.23076923 8.333333333 3.333333333)
(16.15384615 8.333333333 3.333333333)
(18.07692308 8.333333333 3.333333333)
(20 8.333333333 3.333333333)
(-5 10 3.333333333)
(-3.076923077 10 3.333333333)
(-1.153846154 10 3.333333333)
(0.7692307692 10 3.333333333)
(2.692307692 10 3.333333333)
(4.615384615 10 3.333333333)
(6.538461538 10 3.333333333)
(8.461538462 10 3.333333333)
(10.38461538 10 3.333333333)
(12.30769231 10 3.333333333)
(14.23076923 10 3.333333333)
(16.15384615 10 3.333333333)
(18.07692308 10 3.333333333)
(20 10 3.333333333)
(-5 11.66666667 3.333333333)
(-3.076923077 11.66666667 3.333333333)
(-1.153846154 11.66666667 3.333333333)
(0.7692307692 11.66666667 3.333333333)
(2.692307692 11.66666667 3.333333333)
(4.615384615 11.66666667 3.333333333)
(6.538461538 11.66666667 3.333333333)
(8.461538462 11.66666667 3.333333333)
(10.38461538 11.66666667 3.333333333)
(12.30769231 11.66666667 3.333333333)
(14.23076923 11.66666667 3.333333333)
(16.15384615 11.66666667 3.333333333)
(18.07692308 11.66666667 3.333333333)
(20 11.66666667 3.333333333)
(-5 13.33333333 3.333333333)
(-3.076923077 13.33333333 3.333333333)
(-1.153846154 13.33333333 3.333333333)
(0.7692307692 13.33333333 3.333333333)
(2.692307692 13.33333333 3.333333333)
(4.615384615 13.33333333 3.333333333)
(6.538461538 13.33333333 3.333333333)
(8.461538462 13.33333333 3.333333333)
(10.38461538 13.33333333 3.333333333)
(12.30769231 13.33333333 3.333333333)
(14.23076923 13.33333333 3.333333333)
(16.15384615 13.33333333 3.333333333)
(18.07692308 13.33333333 3.333333333)
(20 13.33333333 3.333333333)
(-5 15 3.333333333)
(-3.076923077 15 3.333333333)
(-1.153846154 15 3.333333333)
(0.7692307692 15 3.333333333)
(2.692307692 15 3.333333333)
(4.615384615 15 3.333333333)
(6.538461538 15 3.333333333)
(8.461538462 15 3.333333333)
(10.38461538 15 3.333333333)
(12.30769231 15 3.333333333)
(14.23076923 15 3.333333333)
(16.15384615 15 3.333333333)
(18.07692308 15 3.333333333)
(20 15 3.333333333)
(-5 16.66666667 3.333333333)
(-3.076923077 16.66666667 3.333333333)
(-1.153846154 16.66666667 3.333333333)
(0.7692307692 16.66666667 3.333333333)
(2.692307692 16.66666667 3.333333333)
(4.615384615 16.66666667 3.333333333)
(6.538461538 16.66666667 3.333333333)
(8.461538462 16.66666667 3.333333333)
(10.38461538 16.66666667 3.333333333)
(12.30769231 16.66666667 3.333333333)
(14.23076923 16.66666667 3.333333333)
(16.15384615 16.66666667 3.333333333)
(18.07692308 16.66666667 3.333333333)
(20 16.66666667 3.333333333)
(-5 18.33333333 3.333333333)
(-3.076923077 18.33333333 3.333333333)
(-1.153846154 18.33333333 3.333333333)
(0.7692307692 18.33333333 3.333333333)
(2.692307692 18.33333333 3.333333333)
(4.615384615 18.33333333 3.333333333)
(6.538461538 18.33333333 3.333333333)
(8.461538462 18.33333333 3.333333333)
(10.38461538 18.33333333 3.333333333)
(12.30769231 18.33333333 3.333333333)
(14.23076923 18.33333333 3.333333333)
(16.15384615 18.33333333 3.333333333)
(18.07692308 18.33333333 3.333333333)
(20 18.33333333 3.333333333)
(-5 20 3.333333333)
(-3.076923077 20 3.333333333)
(-1.153846154 20 3.333333333)
(0.7692307692 20 3.333333333)
(2.692307692 20 3.333333333)
(4.615384615 20 3.333333333)
(6.538461538 20 3.333333333)
(8.461538462 20 3.333333333)
(10.38461538 20 3.333333333)
(12.30769231 20 3.333333333)
(14.23076923 20 3.333333333)
(16.15384615 20 3.333333333)
(18.07692308 20 3.333333333)
(20 20 3.333333333)
(-5 0 5)
(-3.076923077 0 5)
(-1.153846154 0 5)
(0.7692307692 0 5)
(2.692307692 0 5)
(4.615384615 0 5)
(6.538461538 0 5)
(8.461538462 0 5)
(10.38461538 0 5)
(12.30769231 0 5)
(14.23076923 0 5)
(16.15384615 0 5)
(18.07692308 0 5)
(20 0 5)
(-5 1.666666667 5)
(-3.076923077 1.666666667 5)
(-1.153846154 1.666666667 5)
(0.7692307692 1.666666667 5)
(2.692307692 1.666666667 5)
(4.615384615 1.666666667 5)
(6.538461538 1.666666667 5)
(8.461538462 1.666666667 5)
(10.38461538 1.666666667 5)
(12.30769231 1.666666667 5)
(14.23076923 1.666666667 5)
(16.15384615 1.666666667 5)
(18.07692308 1.666666667 5)
(20 1.666666667 5)
(-5 3.333333333 5)
(-3.076923077 3.333333333 5)
(-1.153846154 3.333333333 5)
(0.7692307692 3.333333333 5)
(2.692307692 3.333333333 5)
(4.615384615 3.333333333 5)
(6.538461538 3.333333333 5)
(8.461538462 3.333333333 5)
(10.38461538 3.333333333 5)
(12.30769231 3.333333333 5)
(14.23076923 3.333333333 5)
(16.15384615 3.333333333 5)
(18.07692308 3.333333333 5)
(20 3.333333333 5)
(-5 5 5)
(-3.076923077 5 5)
(-1.153846154 5 5)
(0.7692307692 5 5)
(2.692307692 5 5)
(4.615384615 5 5)
(6.538461538 5 5)
(8.461538462 5 5)
(10.38461538 5 5)
(12.30769231 5 5)
(14.23076923 5 5)
(16.15384615 5 5)
(18.07692308 5 5)
(20 5 5)
(-5 6.666666667 5)
(-3.076923077 6.666666667 5)
(-1.153846154 6.666666667 5)
(0.7692307692 6.666666667 5)
(2.692307692 6.666666667 5)
(4.615384615 6.666666667 5)
(6.538461538 6.666666667 5)
(8.461538462 6.666666667 5)
(10.38461538 6.666666667 5)
(12.30769231 6.666666667 5)
(14.23076923 6.666666667 5)
(16.15384615 6.666666667 5)
(18.07692308 6.666666667 5)
(20 6.666666667 5)
(-5 8.333333333 5)
(-3.076923077 8.333333333 5)
(-1.153846154 8.333333333 5)
(0.7692307692 8.333333333 5)
(2.692307692 8.333333333 5)
(4.615384615 8.333333333 5)
(6.538461538 8.333333333 5)
(8.461538462 8.333333333 5)
(10.38461538 8.333333333 5)
(12.30769231 8.333333333 5)
(14.23076923 8.333333333 5)
(16.15384615 8.333333333 5)
(18.07692308 8.333333333 5)
(20 8.333333333 5)
(-5 10 5)
(-3.076923077 10 5)
(-1.153846154 10 5)
(0.7692307692 10 5)
(2.692307692 10 5)
(4.615384615 10 5)
(6.538461538 10 5)
(8.461538462 10 5)
(10.38461538 10 5)
(12.30769231 10 5)
(14.23076923 10 5)
(16.15384615 10 5)
(18.07692308 10 5)
(20 10 5)
(-5 11.66666667 5)
(-3.076923077 11.66666667 5)
(-1.153846154 11.66666667 5)
(0.7692307692 11.66666667 5)
(2.692307692 11.66666667 5)
(4.615384615 11.66666667 5)
(6.538461538 11.66666667 5)
(8.461538462 11.66666667 5)
(10.38461538 11.66666667 5)
(12.30769231 11.66666667 5)
(14.23076923 11.66666667 5)
(16.15384615 11.66666667 5)
(18.07692308 11.66666667 5)
(20 11.66666667 5)
(-5 13.33333333 5)
(-3.076923077 13.33333333 5)
(-1.153846154 13.33333333 5)
(0.7692307692 13.33333333 5)
(2.692307692 13.33333333 5)
(4.615384615 13.33333333 5)
(6.538461538 13.33333333 5)
(8.461538462 13.33333333 5)
(10.38461538 13.33333333 5)
(12.30769231 13.33333333 5)
(14.23076923 13.33333333 5)
(16.15384615 13.33333333 5)
(18.07692308 13.33333333 5)
(20 13.33333333 5)
(-5 15 5)
(-3.076923077 15 5)
(-1.153846154 15 5)
(0.7692307692 15 5)
(2.692307692 15 5)
(4.615384615 15 5)
(6.538461538 15 5)
(8.461538462 15 5)
(10.38461538 15 5)
(12.30769231 15 5)
(14.23076923 15 5)
(16.15384615 15 5)
(18.07692308 15 5)
(20 15 5)
(-5 16.66666667 5)
(-3.076923077 16.66666667 5)
(-1.153846154 16.66666667 5)
(0.7692307692 16.66666667 5)
(2.692307692 16.66666667 5)
(4.615384615 16.66666667 5)
(6.538461538 16.66666667 5)
(8.461538462 16.66666667 5)
(10.38461538 16.66666667 5)
(12.30769231 16.66666667 5)
(14.23076923 16.66666667 5)
(16.15384615 16.66666667 5)
(18.07692308 16.66666667 5)
(20 16.66666667 5)
(-5 18.33333333 5)
(-3.076923077 18.33333333 5)
(-1.153846154 18.33333333 5)
(0.7692307692 18.33333333 5)
(2.692307692 18.33333333 5)
(4.615384615 18.33333333 5)
(6.538461538 18.33333333 5)
(8.461538462 18.33333333 5)
(10.38461538 18.33333333 5)
(12.30769231 18.33333333 5)
(14.23076923 18.33333333 5)
(16.15384615 18.33333333 5)
(18.07692308 18.33333333 5)
(20 18.33333333 5)
(-5 20 5)
(-3.076923077 20 5)
(-1.153846154 20 5)
(0.7692307692 20 5)
(2.692307692 20 5)
(4.615384615 20 5)
(6.538461538 20 5)
(8.461538462 20 5)
(10.38461538 20 5)
(12.30769231 20 5)
(14.23076923 20 5)
(16.15384615 20 5)
(18.07692308 20 5)
(20 20 5)
(-5 0 6.666666667)
(-3.076923077 0 6.666666667)
(-1.153846154 0 6.666666667)
(0.7692307692 0 6.666666667)
(2.692307692 0 6.666666667)
(4.615384615 0 6.666666667)
(6.538461538 0 6.666666667)
(8.461538462 0 6.666666667)
(10.38461538 0 6.666666667)
(12.30769231 0 6.666666667)
(14.23076923 0 6.666666667)
(16.15384615 0 6.666666667)
(18.07692308 0 6.666666667)
(20 0 6.666666667)
(-5 1.666666667 6.666666667)
(-3.076923077 1.666666667 6.666666667)
(-1.153846154 1.666666667 6.666666667)
(0.7692307692 1.666666667 6.666666667)
(2.692307692 1.666666667 6.666666667)
(4.615384615 1.666666667 6.666666667)
(6.538461538 1.666666667 6.666666667)
(8.461538462 1.666666667 6.666666667)
(10.38461538 1.666666667 6.666666667)
(12.30769231 1.666666667 6.666666667)
(14.23076923 1.666666667 6.666666667)
(16.15384615 1.666666667 6.666666667)
(18.07692308 1.666666667 6.666666667)
(20 1.666666667 6.666666667)
(-5 3.333333333 6.666666667)
(-3.076923077 3.333333333 6.666666667)
(-1.153846154 3.333333333 6.666666667)
(0.7692307692 3.333333333 6.666666667)
(2.692307692 3.333333333 6.666666667)
(4.615384615 3.333333333 6.666666667)
(6.538461538 3.333333333 6.666666667)
(8.461538462 3.333333333 6.666666667)
(10.38461538 3.333333333 6.666666667)
(12.30769231 3.333333333 6.666666667)
(14.23076923 3.333333333 6.666666667)
(16.15384615 3.333333333 6.666666667)
(18.07692308 3.333333333 6.666666667)
(20 3.333333333 6.666666667)
(-5 5 6.666666667)
(-3.076923077 5 6.666666667)
(-1.153846154 5 6.666666667)
(0.7692307692 5 6.666666667)
(2.692307692 5 6.666666667)
(4.615384615 5 6.666666667)
(6.538461538 5 6.666666667)
(8.461538462 5 6.666666667)
(10.38461538 5 6.666666667)
(12.30769231 5 6.666666667)
(14.23076923 5 6.666666667)
(16.15384615 5 6.666666667)
(18.07692308 5 6.666666667)
(20 5 6.666666667)
(-5 6.666666667 6.666666667)
(-3.076923077 6.666666667 6.666666667)
(-1.153846154 6.666666667 6.666666667)
(0.7692307692 6.666666667 6.666666667)
(2.692307692 6.666666667 6.666666667)
(4.615384615 6.666666667 6.666666667)
(6.538461538 6.666666667 6.666666667)
(8.461538462 6.666666667 6.666666667)
(10.38461538 6.666666667 6.666666667)
(12.30769231 6.666666667 6.666666667)
(14.23076923 6.666666667 6.666666667)
(16.15384615 6.666666667 6.666666667)
(18.07692308 6.666666667 6.666666667)
(20 6.666666667 6.666666667)
(-5 8.333333333 6.666666667)
(-3.076923077 8.333333333 6.666666667)
(-1.153846154 8.333333333 6.666666667)
(0.7692307692 8.333333333 6.666666667)
(2.692307692 8.333333333 6.666666667)
(4.615384615 8.333333333 6.666666667)
(6.538461538 8.333333333 6.666666667)
(8.461538462 8.333333333 6.666666667)
(10.38461538 8.333333333 6.666666667)
(12.30769231 8.333333333 6.666666667)
(14.23076923 8.333333333 6.666666667)
(16.15384615 8.333333333 6.666666667)
(18.07692308 8.333333333 6.666666667)
(20 8.333333333 6.666666667)
(-5 10 6.666666667)
(-3.076923077 10 6.666666667)
(-1.153846154 10 6.666666667)
(0.7692307692 10 6.666666667)
(2.692307692 10 6.666666667)
(4.615384615 10 6.666666667)
(6.538461538 10 6.666666667)
(8.461538462 10 6.666666667)
(10.38461538 10 6.666666667)
(12.30769231 10 6.666666667)
(14.23076923 10 6.666666667)
(16.15384615 10 6.666666667)
(18.07692308 10 6.666666667)
(20 10 6.666666667)
(-5 11.66666667 6.666666667)
(-3.076923077 11.66666667 6.666666667)
(-1.153846154 11.66666667 6.666666667)
(0.7692307692 11.66666667 6.666666667)
(2.692307692 11.66666667 6.666666667)
(4.615384615 11.66666667 6.666666667)
(6.538461538 11.66666667 6.666666667)
(8.461538462 11.66666667 6.666666667)
(10.38461538 11.66666667 6.666666667)
(12.30769231 11.66666667 6.666666667)
(14.23076923 11.66666667 6.666666667)
(16.15384615 11.66666667 6.666666667)
(18.07692308 11.66666667 6.666666667)
(20 11.66666667 6.666666667)
(-5 13.33333333 6.666666667)
(-3.076923077 13.33333333 6.666666667)
(-1.153846154 13.33333333 6.666666667)
(0.7692307692 13.33333333 6.666666667)
(2.692307692 13.33333333 6.666666667)
(4.615384615 13.33333333 6.666666667)
(6.538461538 13.33333333 6.666666667)
(8.461538462 13.33333333 6.666666667)
(10.38461538 13.33333333 6.666666667)
(12.30769231 13.33333333 6.666666667)
(14.23076923 13.33333333 6.666666667)
(16.15384615 13.33333333 6.666666667)
(18.07692308 13.33333333 6.666666667)
(20 13.33333333 6.666666667)
(-5 15 6.666666667)
(-3.076923077 15 6.666666667)
(-1.153846154 15 6.666666667)
(0.7692307692 15 6.666666667)
(2.692307692 15 6.666666667)
(4.615384615 15 6.666666667)
(6.538461538 15 6.666666667)
(8.461538462 15 6.666666667)
(10.38461538 15 6.666666667)
(12.30769231 15 6.666666667)
(14.23076923 15 6.666666667)
(16.15384615 15 6.666666667)
(18.07692308 15 6.666666667)
(20 15 6.666666667)
(-5 16.66666667 6.666666667)
(-3.076923077 16.66666667 6.666666667)
(-1.153846154 16.66666667 6.666666667)
(0.7692307692 16.66666667 6.666666667)
(2.692307692 16.66666667 6.666666667)
(4.615384615 16.66666667 6.666666667)
(6.538461538 16.66666667 6.666666667)
(8.461538462 16.66666667 6.666666667)
(10.38461538 16.66666667 6.666666667)
(12.30769231 16.66666667 6.666666667)
(14.23076923 16.66666667 6.666666667)
(16.15384615 16.66666667 6.666666667)
(18.07692308 16.66666667 6.666666667)
(20 16.66666667 6.666666667)
(-5 18.33333333 6.666666667)
(-3.076923077 18.33333333 6.666666667)
(-1.153846154 18.33333333 6.666666667)
(0.7692307692 18.33333333 6.666666667)
(2.692307692 18.33333333 6.666666667)
(4.615384615 18.33333333 6.666666667)
(6.538461538 18.33333333 6.666666667)
(8.461538462 18.33333333 6.666666667)
(10.38461538 18.33333333 6.666666667)
(12.30769231 18.33333333 6.666666667)
(14.23076923 18.33333333 6.666666667)
(16.15384615 18.33333333 6.666666667)
(18.07692308 18.33333333 6.666666667)
(20 18.33333333 6.666666667)
(-5 20 6.666666667)
(-3.076923077 20 6.666666667)
(-1.153846154 20 6.666666667)
(0.7692307692 20 6.666666667)
(2.692307692 20 6.666666667)
(4.615384615 20 6.666666667)
(6.538461538 20 6.666666667)
(8.461538462 20 6.666666667)
(10.38461538 20 6.666666667)
(12.30769231 20 6.666666667)
(14.23076923 20 6.666666667)
(16.15384615 20 6.666666667)
(18.07692308 20 6.666666667)
(20 20 6.666666667)
(-5 0 8.333333333)
(-3.076923077 0 8.333333333)
(-1.153846154 0 8.333333333)
(0.7692307692 0 8.333333333)
(2.692307692 0 8.333333333)
(4.615384615 0 8.333333333)
(6.538461538 0 8.333333333)
(8.461538462 0 8.333333333)
(10.38461538 0 8.333333333)
(12.30769231 0 8.333333333)
(14.23076923 0 8.333333333)
(16.15384615 0 8.333333333)
(18.07692308 0 8.333333333)
(20 0 8.333333333)
(-5 1.666666667 8.333333333)
(-3.076923077 1.666666667 8.333333333)
(-1.153846154 1.666666667 8.333333333)
(0.7692307692 1.666666667 8.333333333)
(2.692307692 1.666666667 8.333333333)
(4.615384615 1.666666667 8.333333333)
(6.538461538 1.666666667 8.333333333)
(8.461538462 1.666666667 8.333333333)
(10.38461538 1.666666667 8.333333333)
(12.30769231 1.666666667 8.333333333)
(14.23076923 1.666666667 8.333333333)
(16.15384615 1.666666667 8.333333333)
(18.07692308 1.666666667 8.333333333)
(20 1.666666667 8.333333333)
(-5 3.333333333 8.333333333)
(-3.076923077 3.333333333 8.333333333)
(-1.153846154 3.333333333 8.333333333)
(0.7692307692 3.333333333 8.333333333)
(2.692307692 3.333333333 8.333333333)
(4.615384615 3.333333333 8.333333333)
(6.538461538 3.333333333 8.333333333)
(8.461538462 3.333333333 8.333333333)
(10.38461538 3.333333333 8.333333333)
(12.30769231 3.333333333 8.333333333)
(14.23076923 3.333333333 8.333333333)
(16.15384615 3.333333333 8.333333333)
(18.07692308 3.333333333 8.333333333)
(20 3.333333333 8.333333333)
(-5 5 8.333333333)
(-3.076923077 5 8.333333333)
(-1.153846154 5 8.333333333)
(0.7692307692 5 8.333333333)
(2.692307692 5 8.333333333)
(4.615384615 5 8.333333333)
(6.538461538 5 8.333333333)
(8.461538462 5 8.333333333)
(10.38461538 5 8.333333333)
(12.30769231 5 8.333333333)
(14.23076923 5 8.333333333)
(16.15384615 5 8.333333333)
(18.07692308 5 8.333333333)
(20 5 8.333333333)
(-5 6.666666667 8.333333333)
(-3.076923077 6.666666667 8.333333333)
(-1.153846154 6.666666667 8.333333333)
(0.7692307692 6.666666667 8.333333333)
(2.692307692 6.666666667 8.333333333)
(4.615384615 6.666666667 8.333333333)
(6.538461538 6.666666667 8.333333333)
(8.461538462 6.666666667 8.333333333)
(10.38461538 6.666666667 8.333333333)
(12.30769231 6.666666667 8.333333333)
(14.23076923 6.666666667 8.333333333)
(16.15384615 6.666666667 8.333333333)
(18.07692308 6.666666667 8.333333333)
(20 6.666666667 8.333333333)
(-5 8.333333333 8.333333333)
(-3.076923077 8.333333333 8.333333333)
(-1.153846154 8.333333333 8.333333333)
(0.7692307692 8.333333333 8.333333333)
(2.692307692 8.333333333 8.333333333)
(4.615384615 8.333333333 8.333333333)
(6.538461538 8.333333333 8.333333333)
(8.461538462 8.333333333 8.333333333)
(10.38461538 8.333333333 8.333333333)
(12.30769231 8.333333333 8.333333333)
(14.23076923 8.333333333 8.333333333)
(16.15384615 8.333333333 8.333333333)
(18.07692308 8.333333333 8.333333333)
(20 8.333333333 8.333333333)
(-5 10 8.333333333)
(-3.076923077 10 8.333333333)
(-1.153846154 10 8.333333333)
(0.7692307692 10 8.333333333)
(2.692307692 10 8.333333333)
(4.615384615 10 8.333333333)
(6.538461538 10 8.333333333)
(8.461538462 10 8.333333333)
(10.38461538 10 8.333333333)
(12.30769231 10 8.333333333)
(14.23076923 10 8.333333333)
(16.15384615 10 8.333333333)
(18.07692308 10 8.333333333)
(20 10 8.333333333)
(-5 11.66666667 8.333333333)
(-3.076923077 11.66666667 8.333333333)
(-1.153846154 11.66666667 8.333333333)
(0.7692307692 11.66666667 8.333333333)
(2.692307692 11.66666667 8.333333333)
(4.615384615 11.66666667 8.333333333)
(6.538461538 11.66666667 8.333333333)
(8.461538462 11.66666667 8.333333333)
(10.38461538 11.66666667 8.333333333)
(12.30769231 11.66666667 8.333333333)
(14.23076923 11.66666667 8.333333333)
(16.15384615 11.66666667 8.333333333)
(18.07692308 11.66666667 8.333333333)
(20 11.66666667 8.333333333)
(-5 13.33333333 8.333333333)
(-3.076923077 13.33333333 8.333333333)
(-1.153846154 13.33333333 8.333333333)
(0.7692307692 13.33333333 8.333333333)
(2.692307692 13.33333333 8.333333333)
(4.615384615 13.33333333 8.333333333)
(6.538461538 13.33333333 8.333333333)
(8.461538462 13.33333333 8.333333333)
(10.38461538 13.33333333 8.333333333)
(12.30769231 13.33333333 8.333333333)
(14.23076923 13.33333333 8.333333333)
(16.15384615 13.33333333 8.333333333)
(18.07692308 13.33333333 8.333333333)
(20 13.33333333 8.333333333)
(-5 15 8.333333333)
(-3.076923077 15 8.333333333)
(-1.153846154 15 8.333333333)
(0.7692307692 15 8.333333333)
(2.692307692 15 8.333333333)
(4.615384615 15 8.333333333)
(6.538461538 15 8.333333333)
(8.461538462 15 8.333333333)
(10.38461538 15 8.333333333)
(12.30769231 15 8.333333333)
(14.23076923 15 8.333333333)
(16.15384615 15 8.333333333)
(18.07692308 15 8.333333333)
(20 15 8.333333333)
(-5 16.66666667 8.333333333)
(-3.076923077 16.66666667 8.333333333)
(-1.153846154 16.66666667 8.333333333)
(0.7692307692 16.66666667 8.333333333)
(2.692307692 16.66666667 8.333333333)
(4.615384615 16.66666667 8.333333333)
(6.538461538 16.66666667 8.333333333)
(8.461538462 16.66666667 8.333333333)
(10.38461538 16.66666667 8.333333333)
(12.30769231 16.66666667 8.333333333)
(14.23076923 16.66666667 8.333333333)
(16.15384615 16.66666667 8.333333333)
(18.07692308 16.66666667 8.333333333)
(20 16.66666667 8.333333333)
(-5 18.33333333 8.333333333)
(-3.076923077 18.33333333 8.333333333)
(-1.153846154 18.33333333 8.333333333)
(0.7692307692 18.33333333 8.333333333)
(2.692307692 18.33333333 8.333333333)
(4.615384615 18.33333333 8.333333333)
(6.538461538 18.33333333 8.333333333)
(8.461538462 18.33333333 8.333333333)
(10.38461538 18.33333333 8.333333333)
(12.30769231 18.33333333 8.333333333)
(14.23076923 18.33333333 8.333333333)
(16.15384615 18.33333333 8.333333333)
(18.07692308 18.33333333 8.333333333)
(20 18.33333333 8.333333333)
(-5 20 8.333333333)
(-3.076923077 20 8.333333333)
(-1.153846154 20 8.333333333)
(0.7692307692 20 8.333333333)
(2.692307692 20 8.333333333)
(4.615384615 20 8.333333333)
(6.538461538 20 8.333333333)
(8.461538462 20 8.333333333)
(10.38461538 20 8.333333333)
(12.30769231 20 8.333333333)
(14.23076923 20 8.333333333)
(16.15384615 20 8.333333333)
(18.07692308 20 8.333333333)
(20 20 8.333333333)
(-5 0 10)
(-3.076923077 0 10)
(-1.153846154 0 10)
(0.7692307692 0 10)
(2.692307692 0 10)
(4.615384615 0 10)
(6.538461538 0 10)
(8.461538462 0 10)
(10.38461538 0 10)
(12.30769231 0 10)
(14.23076923 0 10)
(16.15384615 0 10)
(18.07692308 0 10)
(20 0 10)
(-5 1.666666667 10)
(-3.076923077 1.666666667 10)
(-1.153846154 1.666666667 10)
(0.7692307692 1.666666667 10)
(2.692307692 1.666666667 10)
(4.615384615 1.666666667 10)
(6.538461538 1.666666667 10)
(8.461538462 1.666666667 10)
(10.38461538 1.666666667 10)
(12.30769231 1.666666667 10)
(14.23076923 1.666666667 10)
(16.15384615 1.666666667 10)
(18.07692308 1.666666667 10)
(20 1.666666667 10)
(-5 3.333333333 10)
(-3.076923077 3.333333333 10)
(-1.153846154 3.333333333 10)
(0.7692307692 3.333333333 10)
(2.692307692 3.333333333 10)
(4.615384615 3.333333333 10)
(6.538461538 3.333333333 10)
(8.461538462 3.333333333 10)
(10.38461538 3.333333333 10)
(12.30769231 3.333333333 10)
(14.23076923 3.333333333 10)
(16.15384615 3.333333333 10)
(18.07692308 3.333333333 10)
(20 3.333333333 10)
(-5 5 10)
(-3.076923077 5 10)
(-1.153846154 5 10)
(0.7692307692 5 10)
(2.692307692 5 10)
(4.615384615 5 10)
(6.538461538 5 10)
(8.461538462 5 10)
(10.38461538 5 10)
(12.30769231 5 10)
(14.23076923 5 10)
(16.15384615 5 10)
(18.07692308 5 10)
(20 5 10)
(-5 6.666666667 10)
(-3.076923077 6.666666667 10)
(-1.153846154 6.666666667 10)
(0.7692307692 6.666666667 10)
(2.692307692 6.666666667 10)
(4.615384615 6.666666667 10)
(6.538461538 6.666666667 10)
(8.461538462 6.666666667 10)
(10.38461538 6.666666667 10)
(12.30769231 6.666666667 10)
(14.23076923 6.666666667 10)
(16.15384615 6.666666667 10)
(18.07692308 6.666666667 10)
(20 6.666666667 10)
(-5 8.333333333 10)
(-3.076923077 8.333333333 10)
(-1.153846154 8.333333333 10)
(0.7692307692 8.333333333 10)
(2.692307692 8.333333333 10)
(4.615384615 8.333333333 10)
(6.538461538 8.333333333 10)
(8.461538462 8.333333333 10)
(10.38461538 8.333333333 10)
(12.30769231 8.333333333 10)
(14.23076923 8.333333333 10)
(16.15384615 8.333333333 10)
(18.07692308 8.333333333 10)
(20 8.333333333 10)
(-5 10 10)
(-3.076923077 10 10)
(-1.153846154 10 10)
(0.7692307692 10 10)
(2.692307692 10 10)
(4.615384615 10 10)
(6.538461538 10 10)
(8.461538462 10 10)
(10.38461538 10 10)
(12.30769231 10 10)
(14.23076923 10 10)
(16.15384615 10 10)
(18.07692308 10 10)
(20 10 10)
(-5 11.66666667 10)
(-3.076923077 11.66666667 10)
(-1.153846154 11.66666667 10)
(0.7692307692 11.66666667 10)
(2.692307692 11.66666667 10)
(4.615384615 11.66666667 10)
(6.538461538 11.66666667 10)
(8.461538462 11.66666667 10)
(10.38461538 11.66666667 10)
(12.30769231 11.66666667 10)
(14.23076923 11.66666667 10)
(16.15384615 11.66666667 10)
(18.07692308 11.66666667 10)
(20 11.66666667 10)
(-5 13.33333333 10)
(-3.076923077 13.33333333 10)
(-1.153846154 13.33333333 10)
(0.7692307692 13.33333333 10)
(2.692307692 13.33333333 10)
(4.615384615 13.33333333 10)
(6.538461538 13.33333333 10)
(8.461538462 13.33333333 10)
(10.38461538 13.33333333 10)
(12.30769231 13.33333333 10)
(14.23076923 13.33333333 10)
(16.15384615 13.33333333 10)
(18.07692308 13.33333333 10)
(20 13.33333333 10)
(-5 15 10)
(-3.076923077 15 10)
(-1.153846154 15 10)
(0.7692307692 15 10)
(2.692307692 15 10)
(4.615384615 15 10)
(6.538461538 15 10)
(8.461538462 15 10)
(10.38461538 15 10)
(12.30769231 15 10)
(14.23076923 15 10)
(16.15384615 15 10)
(18.07692308 15 10)
(20 15 10)
(-5 16.66666667 10)
(-3.076923077 16.66666667 10)
(-1.153846154 16.66666667 10)
(0.7692307692 16.66666667 10)
(2.692307692 16.66666667 10)
(4.615384615 16.66666667 10)
(6.538461538 16.66666667 10)
(8.461538462 16.66666667 10)
(10.38461538 16.66666667 10)
(12.30769231 16.66666667 10)
(14.23076923 16.66666667 10)
(16.15384615 16.66666667 10)
(18.07692308 16.66666667 10)
(20 16.66666667 10)
(-5 18.33333333 10)
(-3.076923077 18.33333333 10)
(-1.153846154 18.33333333 10)
(0.7692307692 18.33333333 10)
(2.692307692 18.33333333 10)
(4.615384615 18.33333333 10)
(6.538461538 18.33333333 10)
(8.461538462 18.33333333 10)
(10.38461538 18.33333333 10)
(12.30769231 18.33333333 10)
(14.23076923 18.33333333 10)
(16.15384615 18.33333333 10)
(18.07692308 18.33333333 10)
(20 18.33333333 10)
(-5 20 10)
(-3.076923077 20 10)
(-1.153846154 20 10)
(0.7692307692 20 10)
(2.692307692 20 10)
(4.615384615 20 10)
(6.538461538 20 10)
(8.461538462 20 10)
(10.38461538 20 10)
(12.30769231 20 10)
(14.23076923 20 10)
(16.15384615 20 10)
(18.07692308 20 10)
(20 20 10)
(-5 0 11.66666667)
(-3.076923077 0 11.66666667)
(-1.153846154 0 11.66666667)
(0.7692307692 0 11.66666667)
(2.692307692 0 11.66666667)
(4.615384615 0 11.66666667)
(6.538461538 0 11.66666667)
(8.461538462 0 11.66666667)
(10.38461538 0 11.66666667)
(12.30769231 0 11.66666667)
(14.23076923 0 11.66666667)
(16.15384615 0 11.66666667)
(18.07692308 0 11.66666667)
(20 0 11.66666667)
(-5 1.666666667 11.66666667)
(-3.076923077 1.666666667 11.66666667)
(-1.153846154 1.666666667 11.66666667)
(0.7692307692 1.666666667 11.66666667)
(2.692307692 1.666666667 11.66666667)
(4.615384615 1.666666667 11.66666667)
(6.538461538 1.666666667 11.66666667)
(8.461538462 1.666666667 11.66666667)
(10.38461538 1.666666667 11.66666667)
(12.30769231 1.666666667 11.66666667)
(14.23076923 1.666666667 11.66666667)
(16.15384615 1.666666667 11.66666667)
(18.07692308 1.666666667 11.66666667)
(20 1.666666667 11.66666667)
(-5 3.333333333 11.66666667)
(-3.076923077 3.333333333 11.66666667)
(-1.153846154 3.333333333 11.66666667)
(0.7692307692 3.333333333 11.66666667)
(2.692307692 3.333333333 11.66666667)
(4.615384615 3.333333333 11.66666667)
(6.538461538 3.333333333 11.66666667)
(8.461538462 3.333333333 11.66666667)
(10.38461538 3.333333333 11.66666667)
(12.30769231 3.333333333 11.66666667)
(14.23076923 3.333333333 11.66666667)
(16.15384615 3.333333333 11.66666667)
(18.07692308 3.333333333 11.66666667)
(20 3.333333333 11.66666667)
(-5 5 11.66666667)
(-3.076923077 5 11.66666667)
(-1.153846154 5 11.66666667)
(0.7692307692 5 11.66666667)
(2.692307692 5 11.66666667)
(4.615384615 5 11.66666667)
(6.538461538 5 11.66666667)
(8.461538462 5 11.66666667)
(10.38461538 5 11.66666667)
(12.30769231 5 11.66666667)
(14.23076923 5 11.66666667)
(16.15384615 5 11.66666667)
(18.07692308 5 11.66666667)
(20 5 11.66666667)
(-5 6.666666667 11.66666667)
(-3.076923077 6.666666667 11.66666667)
(-1.153846154 6.666666667 11.66666667)
(0.7692307692 6.666666667 11.66666667)
(2.692307692 6.666666667 11.66666667)
(4.615384615 6.666666667 11.66666667)
(6.538461538 6.666666667 11.66666667)
(8.461538462 6.666666667 11.66666667)
(10.38461538 6.666666667 11.66666667)
(12.30769231 6.666666667 11.66666667)
(14.23076923 6.666666667 11.66666667)
(16.15384615 6.666666667 11.66666667)
(18.07692308 6.666666667 11.66666667)
(20 6.666666667 11.66666667)
(-5 8.333333333 11.66666667)
(-3.076923077 8.333333333 11.66666667)
(-1.153846154 8.333333333 11.66666667)
(0.7692307692 8.333333333 11.66666667)
(2.692307692 8.333333333 11.66666667)
(4.615384615 8.333333333 11.66666667)
(6.538461538 8.333333333 11.66666667)
(8.461538462 8.333333333 11.66666667)
(10.38461538 8.333333333 11.66666667)
(12.30769231 8.333333333 11.66666667)
(14.23076923 8.333333333 11.66666667)
(16.15384615 8.333333333 11.66666667)
(18.07692308 8.333333333 11.66666667)
(20 8.333333333 11.66666667)
(-5 10 11.66666667)
(-3.076923077 10 11.66666667)
(-1.153846154 10 11.66666667)
(0.7692307692 10 11.66666667)
(2.692307692 10 11.66666667)
(4.615384615 10 11.66666667)
(6.538461538 10 11.66666667)
(8.461538462 10 11.66666667)
(10.38461538 10 11.66666667)
(12.30769231 10 11.66666667)
(14.23076923 10 11.66666667)
(16.15384615 10 11.66666667)
(18.07692308 10 11.66666667)
(20 10 11.66666667)
(-5 11.66666667 11.66666667)
(-3.076923077 11.66666667 11.66666667)
(-1.153846154 11.66666667 11.66666667)
(0.7692307692 11.66666667 11.66666667)
(2.692307692 11.66666667 11.66666667)
(4.615384615 11.66666667 11.66666667)
(6.538461538 11.66666667 11.66666667)
(8.461538462 11.66666667 11.66666667)
(10.38461538 11.66666667 11.66666667)
(12.30769231 11.66666667 11.66666667)
(14.23076923 11.66666667 11.66666667)
(16.15384615 11.66666667 11.66666667)
(18.07692308 11.66666667 11.66666667)
(20 11.66666667 11.66666667)
(-5 13.33333333 11.66666667)
(-3.076923077 13.33333333 11.66666667)
(-1.153846154 13.33333333 11.66666667)
(0.7692307692 13.33333333 11.66666667)
(2.692307692 13.33333333 11.66666667)
(4.615384615 13.33333333 11.66666667)
(6.538461538 13.33333333 11.66666667)
(8.461538462 13.33333333 11.66666667)
(10.38461538 13.33333333 11.66666667)
(12.30769231 13.33333333 11.66666667)
(14.23076923 13.33333333 11.66666667)
(16.15384615 13.33333333 11.66666667)
(18.07692308 13.33333333 11.66666667)
(20 13.33333333 11.66666667)
(-5 15 11.66666667)
(-3.076923077 15 11.66666667)
(-1.153846154 15 11.66666667)
(0.7692307692 15 11.66666667)
(2.692307692 15 11.66666667)
(4.615384615 15 11.66666667)
(6.538461538 15 11.66666667)
(8.461538462 15 11.66666667)
(10.38461538 15 11.66666667)
(12.30769231 15 11.66666667)
(14.23076923 15 11.66666667)
(16.15384615 15 11.66666667)
(18.07692308 15 11.66666667)
(20 15 11.66666667)
(-5 16.66666667 11.66666667)
(-3.076923077 16.66666667 11.66666667)
(-1.153846154 16.66666667 11.66666667)
(0.7692307692 16.66666667 11.66666667)
(2.692307692 16.66666667 11.66666667)
(4.615384615 16.66666667 11.66666667)
(6.538461538 16.66666667 11.66666667)
(8.461538462 16.66666667 11.66666667)
(10.38461538 16.66666667 11.66666667)
(12.30769231 16.66666667 11.66666667)
(14.23076923 16.66666667 11.66666667)
(16.15384615 16.66666667 11.66666667)
(18.07692308 16.66666667 11.66666667)
(20 16.66666667 11.66666667)
(-5 18.33333333 11.66666667)
(-3.076923077 18.33333333 11.66666667)
(-1.153846154 18.33333333 11.66666667)
(0.7692307692 18.33333333 11.66666667)
(2.692307692 18.33333333 11.66666667)
(4.615384615 18.33333333 11.66666667)
(6.538461538 18.33333333 11.66666667)
(8.461538462 18.33333333 11.66666667)
(10.38461538 18.33333333 11.66666667)
(12.30769231 18.33333333 11.66666667)
(14.23076923 18.33333333 11.66666667)
(16.15384615 18.33333333 11.66666667)
(18.07692308 18.33333333 11.66666667)
(20 18.33333333 11.66666667)
(-5 20 11.66666667)
(-3.076923077 20 11.66666667)
(-1.153846154 20 11.66666667)
(0.7692307692 20 11.66666667)
(2.692307692 20 11.66666667)
(4.615384615 20 11.66666667)
(6.538461538 20 11.66666667)
(8.461538462 20 11.66666667)
(10.38461538 20 11.66666667)
(12.30769231 20 11.66666667)
(14.23076923 20 11.66666667)
(16.15384615 20 11.66666667)
(18.07692308 20 11.66666667)
(20 20 11.66666667)
(-5 0 13.33333333)
(-3.076923077 0 13.33333333)
(-1.153846154 0 13.33333333)
(0.7692307692 0 13.33333333)
(2.692307692 0 13.33333333)
(4.615384615 0 13.33333333)
(6.538461538 0 13.33333333)
(8.461538462 0 13.33333333)
(10.38461538 0 13.33333333)
(12.30769231 0 13.33333333)
(14.23076923 0 13.33333333)
(16.15384615 0 13.33333333)
(18.07692308 0 13.33333333)
(20 0 13.33333333)
(-5 1.666666667 13.33333333)
(-3.076923077 1.666666667 13.33333333)
(-1.153846154 1.666666667 13.33333333)
(0.7692307692 1.666666667 13.33333333)
(2.692307692 1.666666667 13.33333333)
(4.615384615 1.666666667 13.33333333)
(6.538461538 1.666666667 13.33333333)
(8.461538462 1.666666667 13.33333333)
(10.38461538 1.666666667 13.33333333)
(12.30769231 1.666666667 13.33333333)
(14.23076923 1.666666667 13.33333333)
(16.15384615 1.666666667 13.33333333)
(18.07692308 1.666666667 13.33333333)
(20 1.666666667 13.33333333)
(-5 3.333333333 13.33333333)
(-3.076923077 3.333333333 13.33333333)
(-1.153846154 3.333333333 13.33333333)
(0.7692307692 3.333333333 13.33333333)
(2.692307692 3.333333333 13.33333333)
(4.615384615 3.333333333 13.33333333)
(6.538461538 3.333333333 13.33333333)
(8.461538462 3.333333333 13.33333333)
(10.38461538 3.333333333 13.33333333)
(12.30769231 3.333333333 13.33333333)
(14.23076923 3.333333333 13.33333333)
(16.15384615 3.333333333 13.33333333)
(18.07692308 3.333333333 13.33333333)
(20 3.333333333 13.33333333)
(-5 5 13.33333333)
(-3.076923077 5 13.33333333)
(-1.153846154 5 13.33333333)
(0.7692307692 5 13.33333333)
(2.692307692 5 13.33333333)
(4.615384615 5 13.33333333)
(6.538461538 5 13.33333333)
(8.461538462 5 13.33333333)
(10.38461538 5 13.33333333)
(12.30769231 5 13.33333333)
(14.23076923 5 13.33333333)
(16.15384615 5 13.33333333)
(18.07692308 5 13.33333333)
(20 5 13.33333333)
(-5 6.666666667 13.33333333)
(-3.076923077 6.666666667 13.33333333)
(-1.153846154 6.666666667 13.33333333)
(0.7692307692 6.666666667 13.33333333)
(2.692307692 6.666666667 13.33333333)
(4.615384615 6.666666667 13.33333333)
(6.538461538 6.666666667 13.33333333)
(8.461538462 6.666666667 13.33333333)
(10.38461538 6.666666667 13.33333333)
(12.30769231 6.666666667 13.33333333)
(14.23076923 6.666666667 13.33333333)
(16.15384615 6.666666667 13.33333333)
(18.07692308 6.666666667 13.33333333)
(20 6.666666667 13.33333333)
(-5 8.333333333 13.33333333)
(-3.076923077 8.333333333 13.33333333)
(-1.153846154 8.333333333 13.33333333)
(0.7692307692 8.333333333 13.33333333)
(2.692307692 8.333333333 13.33333333)
(4.615384615 8.333333333 13.33333333)
(6.538461538 8.333333333 13.33333333)
(8.461538462 8.333333333 13.33333333)
(10.38461538 8.333333333 13.33333333)
(12.30769231 8.333333333 13.33333333)
(14.23076923 8.333333333 13.33333333)
(16.15384615 8.333333333 13.33333333)
(18.07692308 8.333333333 13.33333333)
(20 8.333333333 13.33333333)
(-5 10 13.33333333)
(-3.076923077 10 13.33333333)
(-1.153846154 10 13.33333333)
(0.7692307692 10 13.33333333)
(2.692307692 10 13.33333333)
(4.615384615 10 13.33333333)
(6.538461538 10 13.33333333)
(8.461538462 10 13.33333333)
(10.38461538 10 13.33333333)
(12.30769231 10 13.33333333)
(14.23076923 10 13.33333333)
(16.15384615 10 13.33333333)
(18.07692308 10 13.33333333)
(20 10 13.33333333)
(-5 11.66666667 13.33333333)
(-3.076923077 11.66666667 13.33333333)
(-1.153846154 11.66666667 13.33333333)
(0.7692307692 11.66666667 13.33333333)
(2.692307692 11.66666667 13.33333333)
(4.615384615 11.66666667 13.33333333)
(6.538461538 11.66666667 13.33333333)
(8.461538462 11.66666667 13.33333333)
(10.38461538 11.66666667 13.33333333)
(12.30769231 11.66666667 13.33333333)
(14.23076923 11.66666667 13.33333333)
(16.15384615 11.66666667 13.33333333)
(18.07692308 11.66666667 13.33333333)
(20 11.66666667 13.33333333)
(-5 13.33333333 13.33333333)
(-3.076923077 13.33333333 13.33333333)
(-1.153846154 13.33333333 13.33333333)
(0.7692307692 13.33333333 13.33333333)
(2.692307692 13.33333333 13.33333333)
(4.615384615 13.33333333 13.33333333)
(6.538461538 13.33333333 13.33333333)
(8.461538462 13.33333333 13.33333333)
(10.38461538 13.33333333 13.33333333)
(12.30769231 13.33333333 13.33333333)
(14.23076923 13.33333333 13.33333333)
(16.15384615 13.33333333 13.33333333)
(18.07692308 13.33333333 13.33333333)
(20 13.33333333 13.33333333)
(-5 15 13.33333333)
(-3.076923077 15 13.33333333)
(-1.153846154 15 13.33333333)
(0.7692307692 15 13.33333333)
(2.692307692 15 13.33333333)
(4.615384615 15 13.33333333)
(6.538461538 15 13.33333333)
(8.461538462 15 13.33333333)
(10.38461538 15 13.33333333)
(12.30769231 15 13.33333333)
(14.23076923 15 13.33333333)
(16.15384615 15 13.33333333)
(18.07692308 15 13.33333333)
(20 15 13.33333333)
(-5 16.66666667 13.33333333)
(-3.076923077 16.66666667 13.33333333)
(-1.153846154 16.66666667 13.33333333)
(0.7692307692 16.66666667 13.33333333)
(2.692307692 16.66666667 13.33333333)
(4.615384615 16.66666667 13.33333333)
(6.538461538 16.66666667 13.33333333)
(8.461538462 16.66666667 13.33333333)
(10.38461538 16.66666667 13.33333333)
(12.30769231 16.66666667 13.33333333)
(14.23076923 16.66666667 13.33333333)
(16.15384615 16.66666667 13.33333333)
(18.07692308 16.66666667 13.33333333)
(20 16.66666667 13.33333333)
(-5 18.33333333 13.33333333)
(-3.076923077 18.33333333 13.33333333)
(-1.153846154 18.33333333 13.33333333)
(0.7692307692 18.33333333 13.33333333)
(2.692307692 18.33333333 13.33333333)
(4.615384615 18.33333333 13.33333333)
(6.538461538 18.33333333 13.33333333)
(8.461538462 18.33333333 13.33333333)
(10.38461538 18.33333333 13.33333333)
(12.30769231 18.33333333 13.33333333)
(14.23076923 18.33333333 13.33333333)
(16.15384615 18.33333333 13.33333333)
(18.07692308 18.33333333 13.33333333)
(20 18.33333333 13.33333333)
(-5 20 13.33333333)
(-3.076923077 20 13.33333333)
(-1.153846154 20 13.33333333)
(0.7692307692 20 13.33333333)
(2.692307692 20 13.33333333)
(4.615384615 20 13.33333333)
(6.538461538 20 13.33333333)
(8.461538462 20 13.33333333)
(10.38461538 20 13.33333333)
(12.30769231 20 13.33333333)
(14.23076923 20 13.33333333)
(16.15384615 20 13.33333333)
(18.07692308 20 13.33333333)
(20 20 13.33333333)
(-5 0 15)
(-3.076923077 0 15)
(-1.153846154 0 15)
(0.7692307692 0 15)
(2.692307692 0 15)
(4.615384615 0 15)
(6.538461538 0 15)
(8.461538462 0 15)
(10.38461538 0 15)
(12.30769231 0 15)
(14.23076923 0 15)
(16.15384615 0 15)
(18.07692308 0 15)
(20 0 15)
(-5 1.666666667 15)
(-3.076923077 1.666666667 15)
(-1.153846154 1.666666667 15)
(0.7692307692 1.666666667 15)
(2.692307692 1.666666667 15)
(4.615384615 1.666666667 15)
(6.538461538 1.666666667 15)
(8.461538462 1.666666667 15)
(10.38461538 1.666666667 15)
(12.30769231 1.666666667 15)
(14.23076923 1.666666667 15)
(16.15384615 1.666666667 15)
(18.07692308 1.666666667 15)
(20 1.666666667 15)
(-5 3.333333333 15)
(-3.076923077 3.333333333 15)
(-1.153846154 3.333333333 15)
(0.7692307692 3.333333333 15)
(2.692307692 3.333333333 15)
(4.615384615 3.333333333 15)
(6.538461538 3.333333333 15)
(8.461538462 3.333333333 15)
(10.38461538 3.333333333 15)
(12.30769231 3.333333333 15)
(14.23076923 3.333333333 15)
(16.15384615 3.333333333 15)
(18.07692308 3.333333333 15)
(20 3.333333333 15)
(-5 5 15)
(-3.076923077 5 15)
(-1.153846154 5 15)
(0.7692307692 5 15)
(2.692307692 5 15)
(4.615384615 5 15)
(6.538461538 5 15)
(8.461538462 5 15)
(10.38461538 5 15)
(12.30769231 5 15)
(14.23076923 5 15)
(16.15384615 5 15)
(18.07692308 5 15)
(20 5 15)
(-5 6.666666667 15)
(-3.076923077 6.666666667 15)
(-1.153846154 6.666666667 15)
(0.7692307692 6.666666667 15)
(2.692307692 6.666666667 15)
(4.615384615 6.666666667 15)
(6.538461538 6.666666667 15)
(8.461538462 6.666666667 15)
(10.38461538 6.666666667 15)
(12.30769231 6.666666667 15)
(14.23076923 6.666666667 15)
(16.15384615 6.666666667 15)
(18.07692308 6.666666667 15)
(20 6.666666667 15)
(-5 8.333333333 15)
(-3.076923077 8.333333333 15)
(-1.153846154 8.333333333 15)
(0.7692307692 8.333333333 15)
(2.692307692 8.333333333 15)
(4.615384615 8.333333333 15)
(6.538461538 8.333333333 15)
(8.461538462 8.333333333 15)
(10.38461538 8.333333333 15)
(12.30769231 8.333333333 15)
(14.23076923 8.333333333 15)
(16.15384615 8.333333333 15)
(18.07692308 8.333333333 15)
(20 8.333333333 15)
(-5 10 15)
(-3.076923077 10 15)
(-1.153846154 10 15)
(0.7692307692 10 15)
(2.692307692 10 15)
(4.615384615 10 15)
(6.538461538 10 15)
(8.461538462 10 15)
(10.38461538 10 15)
(12.30769231 10 15)
(14.23076923 10 15)
(16.15384615 10 15)
(18.07692308 10 15)
(20 10 15)
(-5 11.66666667 15)
(-3.076923077 11.66666667 15)
(-1.153846154 11.66666667 15)
(0.7692307692 11.66666667 15)
(2.692307692 11.66666667 15)
(4.615384615 11.66666667 15)
(6.538461538 11.66666667 15)
(8.461538462 11.66666667 15)
(10.38461538 11.66666667 15)
(12.30769231 11.66666667 15)
(14.23076923 11.66666667 15)
(16.15384615 11.66666667 15)
(18.07692308 11.66666667 15)
(20 11.66666667 15)
(-5 13.33333333 15)
(-3.076923077 13.33333333 15)
(-1.153846154 13.33333333 15)
(0.7692307692 13.33333333 15)
(2.692307692 13.33333333 15)
(4.615384615 13.33333333 15)
(6.538461538 13.33333333 15)
(8.461538462 13.33333333 15)
(10.38461538 13.33333333 15)
(12.30769231 13.33333333 15)
(14.23076923 13.33333333 15)
(16.15384615 13.33333333 15)
(18.07692308 13.33333333 15)
(20 13.33333333 15)
(-5 15 15)
(-3.076923077 15 15)
(-1.153846154 15 15)
(0.7692307692 15 15)
(2.692307692 15 15)
(4.615384615 15 15)
(6.538461538 15 15)
(8.461538462 15 15)
(10.38461538 15 15)
(12.30769231 15 15)
(14.23076923 15 15)
(16.15384615 15 15)
(18.07692308 15 15)
(20 15 15)
(-5 16.66666667 15)
(-3.076923077 16.66666667 15)
(-1.153846154 16.66666667 15)
(0.7692307692 16.66666667 15)
(2.692307692 16.66666667 15)
(4.615384615 16.66666667 15)
(6.538461538 16.66666667 15)
(8.461538462 16.66666667 15)
(10.38461538 16.66666667 15)
(12.30769231 16.66666667 15)
(14.23076923 16.66666667 15)
(16.15384615 16.66666667 15)
(18.07692308 16.66666667 15)
(20 16.66666667 15)
(-5 18.33333333 15)
(-3.076923077 18.33333333 15)
(-1.153846154 18.33333333 15)
(0.7692307692 18.33333333 15)
(2.692307692 18.33333333 15)
(4.615384615 18.33333333 15)
(6.538461538 18.33333333 15)
(8.461538462 18.33333333 15)
(10.38461538 18.33333333 15)
(12.30769231 18.33333333 15)
(14.23076923 18.33333333 15)
(16.15384615 18.33333333 15)
(18.07692308 18.33333333 15)
(20 18.33333333 15)
(-5 20 15)
(-3.076923077 20 15)
(-1.153846154 20 15)
(0.7692307692 20 15)
(2.692307692 20 15)
(4.615384615 20 15)
(6.538461538 20 15)
(8.461538462 20 15)
(10.38461538 20 15)
(12.30769231 20 15)
(14.23076923 20 15)
(16.15384615 20 15)
(18.07692308 20 15)
(20 20 15)
(-5 0 16.66666667)
(-3.076923077 0 16.66666667)
(-1.153846154 0 16.66666667)
(0.7692307692 0 16.66666667)
(2.692307692 0 16.66666667)
(4.615384615 0 16.66666667)
(6.538461538 0 16.66666667)
(8.461538462 0 16.66666667)
(10.38461538 0 16.66666667)
(12.30769231 0 16.66666667)
(14.23076923 0 16.66666667)
(16.15384615 0 16.66666667)
(18.07692308 0 16.66666667)
(20 0 16.66666667)
(-5 1.666666667 16.66666667)
(-3.076923077 1.666666667 16.66666667)
(-1.153846154 1.666666667 16.66666667)
(0.7692307692 1.666666667 16.66666667)
(2.692307692 1.666666667 16.66666667)
(4.615384615 1.666666667 16.66666667)
(6.538461538 1.666666667 16.66666667)
(8.461538462 1.666666667 16.66666667)
(10.38461538 1.666666667 16.66666667)
(12.30769231 1.666666667 16.66666667)
(14.23076923 1.666666667 16.66666667)
(16.15384615 1.666666667 16.66666667)
(18.07692308 1.666666667 16.66666667)
(20 1.666666667 16.66666667)
(-5 3.333333333 16.66666667)
(-3.076923077 3.333333333 16.66666667)
(-1.153846154 3.333333333 16.66666667)
(0.7692307692 3.333333333 16.66666667)
(2.692307692 3.333333333 16.66666667)
(4.615384615 3.333333333 16.66666667)
(6.538461538 3.333333333 16.66666667)
(8.461538462 3.333333333 16.66666667)
(10.38461538 3.333333333 16.66666667)
(12.30769231 3.333333333 16.66666667)
(14.23076923 3.333333333 16.66666667)
(16.15384615 3.333333333 16.66666667)
(18.07692308 3.333333333 16.66666667)
(20 3.333333333 16.66666667)
(-5 5 16.66666667)
(-3.076923077 5 16.66666667)
(-1.153846154 5 16.66666667)
(0.7692307692 5 16.66666667)
(2.692307692 5 16.66666667)
(4.615384615 5 16.66666667)
(6.538461538 5 16.66666667)
(8.461538462 5 16.66666667)
(10.38461538 5 16.66666667)
(12.30769231 5 16.66666667)
(14.23076923 5 16.66666667)
(16.15384615 5 16.66666667)
(18.07692308 5 16.66666667)
(20 5 16.66666667)
(-5 6.666666667 16.66666667)
(-3.076923077 6.666666667 16.66666667)
(-1.153846154 6.666666667 16.66666667)
(0.7692307692 6.666666667 16.66666667)
(2.692307692 6.666666667 16.66666667)
(4.615384615 6.666666667 16.66666667)
(6.538461538 6.666666667 16.66666667)
(8.461538462 6.666666667 16.66666667)
(10.38461538 6.666666667 16.66666667)
(12.30769231 6.666666667 16.66666667)
(14.23076923 6.666666667 16.66666667)
(16.15384615 6.666666667 16.66666667)
(18.07692308 6.666666667 16.66666667)
(20 6.666666667 16.66666667)
(-5 8.333333333 16.66666667)
(-3.076923077 8.333333333 16.66666667)
(-1.153846154 8.333333333 16.66666667)
(0.7692307692 8.333333333 16.66666667)
(2.692307692 8.333333333 16.66666667)
(4.615384615 8.333333333 16.66666667)
(6.538461538 8.333333333 16.66666667)
(8.461538462 8.333333333 16.66666667)
(10.38461538 8.333333333 16.66666667)
(12.30769231 8.333333333 16.66666667)
(14.23076923 8.333333333 16.66666667)
(16.15384615 8.333333333 16.66666667)
(18.07692308 8.333333333 16.66666667)
(20 8.333333333 16.66666667)
(-5 10 16.66666667)
(-3.076923077 10 16.66666667)
(-1.153846154 10 16.66666667)
(0.7692307692 10 16.66666667)
(2.692307692 10 16.66666667)
(4.615384615 10 16.66666667)
(6.538461538 10 16.66666667)
(8.461538462 10 16.66666667)
(10.38461538 10 16.66666667)
(12.30769231 10 16.66666667)
(14.23076923 10 16.66666667)
(16.15384615 10 16.66666667)
(18.07692308 10 16.66666667)
(20 10 16.66666667)
(-5 11.66666667 16.66666667)
(-3.076923077 11.66666667 16.66666667)
(-1.153846154 11.66666667 16.66666667)
(0.7692307692 11.66666667 16.66666667)
(2.692307692 11.66666667 16.66666667)
(4.615384615 11.66666667 16.66666667)
(6.538461538 11.66666667 16.66666667)
(8.461538462 11.66666667 16.66666667)
(10.38461538 11.66666667 16.66666667)
(12.30769231 11.66666667 16.66666667)
(14.23076923 11.66666667 16.66666667)
(16.15384615 11.66666667 16.66666667)
(18.07692308 11.66666667 16.66666667)
(20 11.66666667 16.66666667)
(-5 13.33333333 16.66666667)
(-3.076923077 13.33333333 16.66666667)
(-1.153846154 13.33333333 16.66666667)
(0.7692307692 13.33333333 16.66666667)
(2.692307692 13.33333333 16.66666667)
(4.615384615 13.33333333 16.66666667)
(6.538461538 13.33333333 16.66666667)
(8.461538462 13.33333333 16.66666667)
(10.38461538 13.33333333 16.66666667)
(12.30769231 13.33333333 16.66666667)
(14.23076923 13.33333333 16.66666667)
(16.15384615 13.33333333 16.66666667)
(18.07692308 13.33333333 16.66666667)
(20 13.33333333 16.66666667)
(-5 15 16.66666667)
(-3.076923077 15 16.66666667)
(-1.153846154 15 16.66666667)
(0.7692307692 15 16.66666667)
(2.692307692 15 16.66666667)
(4.615384615 15 16.66666667)
(6.538461538 15 16.66666667)
(8.461538462 15 16.66666667)
(10.38461538 15 16.66666667)
(12.30769231 15 16.66666667)
(14.23076923 15 16.66666667)
(16.15384615 15 16.66666667)
(18.07692308 15 16.66666667)
(20 15 16.66666667)
(-5 16.66666667 16.66666667)
(-3.076923077 16.66666667 16.66666667)
(-1.153846154 16.66666667 16.66666667)
(0.7692307692 16.66666667 16.66666667)
(2.692307692 16.66666667 16.66666667)
(4.615384615 16.66666667 16.66666667)
(6.538461538 16.66666667 16.66666667)
(8.461538462 16.66666667 16.66666667)
(10.38461538 16.66666667 16.66666667)
(12.30769231 16.66666667 16.66666667)
(14.23076923 16.66666667 16.66666667)
(16.15384615 16.66666667 16.66666667)
(18.07692308 16.66666667 16.66666667)
(20 16.66666667 16.66666667)
(-5 18.33333333 16.66666667)
(-3.076923077 18.33333333 16.66666667)
(-1.153846154 18.33333333 16.66666667)
(0.7692307692 18.33333333 16.66666667)
(2.692307692 18.33333333 16.66666667)
(4.615384615 18.33333333 16.66666667)
(6.538461538 18.33333333 16.66666667)
(8.461538462 18.33333333 16.66666667)
(10.38461538 18.33333333 16.66666667)
(12.30769231 18.33333333 16.66666667)
(14.23076923 18.33333333 16.66666667)
(16.15384615 18.33333333 16.66666667)
(18.07692308 18.33333333 16.66666667)
(20 18.33333333 16.66666667)
(-5 20 16.66666667)
(-3.076923077 20 16.66666667)
(-1.153846154 20 16.66666667)
(0.7692307692 20 16.66666667)
(2.692307692 20 16.66666667)
(4.615384615 20 16.66666667)
(6.538461538 20 16.66666667)
(8.461538462 20 16.66666667)
(10.38461538 20 16.66666667)
(12.30769231 20 16.66666667)
(14.23076923 20 16.66666667)
(16.15384615 20 16.66666667)
(18.07692308 20 16.66666667)
(20 20 16.66666667)
(-5 0 18.33333333)
(-3.076923077 0 18.33333333)
(-1.153846154 0 18.33333333)
(0.7692307692 0 18.33333333)
(2.692307692 0 18.33333333)
(4.615384615 0 18.33333333)
(6.538461538 0 18.33333333)
(8.461538462 0 18.33333333)
(10.38461538 0 18.33333333)
(12.30769231 0 18.33333333)
(14.23076923 0 18.33333333)
(16.15384615 0 18.33333333)
(18.07692308 0 18.33333333)
(20 0 18.33333333)
(-5 1.666666667 18.33333333)
(-3.076923077 1.666666667 18.33333333)
(-1.153846154 1.666666667 18.33333333)
(0.7692307692 1.666666667 18.33333333)
(2.692307692 1.666666667 18.33333333)
(4.615384615 1.666666667 18.33333333)
(6.538461538 1.666666667 18.33333333)
(8.461538462 1.666666667 18.33333333)
(10.38461538 1.666666667 18.33333333)
(12.30769231 1.666666667 18.33333333)
(14.23076923 1.666666667 18.33333333)
(16.15384615 1.666666667 18.33333333)
(18.07692308 1.666666667 18.33333333)
(20 1.666666667 18.33333333)
(-5 3.333333333 18.33333333)
(-3.076923077 3.333333333 18.33333333)
(-1.153846154 3.333333333 18.33333333)
(0.7692307692 3.333333333 18.33333333)
(2.692307692 3.333333333 18.33333333)
(4.615384615 3.333333333 18.33333333)
(6.538461538 3.333333333 18.33333333)
(8.461538462 3.333333333 18.33333333)
(10.38461538 3.333333333 18.33333333)
(12.30769231 3.333333333 18.33333333)
(14.23076923 3.333333333 18.33333333)
(16.15384615 3.333333333 18.33333333)
(18.07692308 3.333333333 18.33333333)
(20 3.333333333 18.33333333)
(-5 5 18.33333333)
(-3.076923077 5 18.33333333)
(-1.153846154 5 18.33333333)
(0.7692307692 5 18.33333333)
(2.692307692 5 18.33333333)
(4.615384615 5 18.33333333)
(6.538461538 5 18.33333333)
(8.461538462 5 18.33333333)
(10.38461538 5 18.33333333)
(12.30769231 5 18.33333333)
(14.23076923 5 18.33333333)
(16.15384615 5 18.33333333)
(18.07692308 5 18.33333333)
(20 5 18.33333333)
(-5 6.666666667 18.33333333)
(-3.076923077 6.666666667 18.33333333)
(-1.153846154 6.666666667 18.33333333)
(0.7692307692 6.666666667 18.33333333)
(2.692307692 6.666666667 18.33333333)
(4.615384615 6.666666667 18.33333333)
(6.538461538 6.666666667 18.33333333)
(8.461538462 6.666666667 18.33333333)
(10.38461538 6.666666667 18.33333333)
(12.30769231 6.666666667 18.33333333)
(14.23076923 6.666666667 18.33333333)
(16.15384615 6.666666667 18.33333333)
(18.07692308 6.666666667 18.33333333)
(20 6.666666667 18.33333333)
(-5 8.333333333 18.33333333)
(-3.076923077 8.333333333 18.33333333)
(-1.153846154 8.333333333 18.33333333)
(0.7692307692 8.333333333 18.33333333)
(2.692307692 8.333333333 18.33333333)
(4.615384615 8.333333333 18.33333333)
(6.538461538 8.333333333 18.33333333)
(8.461538462 8.333333333 18.33333333)
(10.38461538 8.333333333 18.33333333)
(12.30769231 8.333333333 18.33333333)
(14.23076923 8.333333333 18.33333333)
(16.15384615 8.333333333 18.33333333)
(18.07692308 8.333333333 18.33333333)
(20 8.333333333 18.33333333)
(-5 10 18.33333333)
(-3.076923077 10 18.33333333)
(-1.153846154 10 18.33333333)
(0.7692307692 10 18.33333333)
(2.692307692 10 18.33333333)
(4.615384615 10 18.33333333)
(6.538461538 10 18.33333333)
(8.461538462 10 18.33333333)
(10.38461538 10 18.33333333)
(12.30769231 10 18.33333333)
(14.23076923 10 18.33333333)
(16.15384615 10 18.33333333)
(18.07692308 10 18.33333333)
(20 10 18.33333333)
(-5 11.66666667 18.33333333)
(-3.076923077 11.66666667 18.33333333)
(-1.153846154 11.66666667 18.33333333)
(0.7692307692 11.66666667 18.33333333)
(2.692307692 11.66666667 18.33333333)
(4.615384615 11.66666667 18.33333333)
(6.538461538 11.66666667 18.33333333)
(8.461538462 11.66666667 18.33333333)
(10.38461538 11.66666667 18.33333333)
(12.30769231 11.66666667 18.33333333)
(14.23076923 11.66666667 18.33333333)
(16.15384615 11.66666667 18.33333333)
(18.07692308 11.66666667 18.33333333)
(20 11.66666667 18.33333333)
(-5 13.33333333 18.33333333)
(-3.076923077 13.33333333 18.33333333)
(-1.153846154 13.33333333 18.33333333)
(0.7692307692 13.33333333 18.33333333)
(2.692307692 13.33333333 18.33333333)
(4.615384615 13.33333333 18.33333333)
(6.538461538 13.33333333 18.33333333)
(8.461538462 13.33333333 18.33333333)
(10.38461538 13.33333333 18.33333333)
(12.30769231 13.33333333 18.33333333)
(14.23076923 13.33333333 18.33333333)
(16.15384615 13.33333333 18.33333333)
(18.07692308 13.33333333 18.33333333)
(20 13.33333333 18.33333333)
(-5 15 18.33333333)
(-3.076923077 15 18.33333333)
(-1.153846154 15 18.33333333)
(0.7692307692 15 18.33333333)
(2.692307692 15 18.33333333)
(4.615384615 15 18.33333333)
(6.538461538 15 18.33333333)
(8.461538462 15 18.33333333)
(10.38461538 15 18.33333333)
(12.30769231 15 18.33333333)
(14.23076923 15 18.33333333)
(16.15384615 15 18.33333333)
(18.07692308 15 18.33333333)
(20 15 18.33333333)
(-5 16.66666667 18.33333333)
(-3.076923077 16.66666667 18.33333333)
(-1.153846154 16.66666667 18.33333333)
(0.7692307692 16.66666667 18.33333333)
(2.692307692 16.66666667 18.33333333)
(4.615384615 16.66666667 18.33333333)
(6.538461538 16.66666667 18.33333333)
(8.461538462 16.66666667 18.33333333)
(10.38461538 16.66666667 18.33333333)
(12.30769231 16.66666667 18.33333333)
(14.23076923 16.66666667 18.33333333)
(16.15384615 16.66666667 18.33333333)
(18.07692308 16.66666667 18.33333333)
(20 16.66666667 18.33333333)
(-5 18.33333333 18.33333333)
(-3.076923077 18.33333333 18.33333333)
(-1.153846154 18.33333333 18.33333333)
(0.7692307692 18.33333333 18.33333333)
(2.692307692 18.33333333 18.33333333)
(4.615384615 18.33333333 18.33333333)
(6.538461538 18.33333333 18.33333333)
(8.461538462 18.33333333 18.33333333)
(10.38461538 18.33333333 18.33333333)
(12.30769231 18.33333333 18.33333333)
(14.23076923 18.33333333 18.33333333)
(16.15384615 18.33333333 18.33333333)
(18.07692308 18.33333333 18.33333333)
(20 18.33333333 18.33333333)
(-5 20 18.33333333)
(-3.076923077 20 18.33333333)
(-1.153846154 20 18.33333333)
(0.7692307692 20 18.33333333)
(2.692307692 20 18.33333333)
(4.615384615 20 18.33333333)
(6.538461538 20 18.33333333)
(8.461538462 20 18.33333333)
(10.38461538 20 18.33333333)
(12.30769231 20 18.33333333)
(14.23076923 20 18.33333333)
(16.15384615 20 18.33333333)
(18.07692308 20 18.33333333)
(20 20 18.33333333)
(-5 0 20)
(-3.076923077 0 20)
(-1.153846154 0 20)
(0.7692307692 0 20)
(2.692307692 0 20)
(4.615384615 0 20)
(6.538461538 0 20)
(8.461538462 0 20)
(10.38461538 0 20)
(12.30769231 0 20)
(14.23076923 0 20)
(16.15384615 0 20)
(18.07692308 0 20)
(20 0 20)
(-5 1.666666667 20)
(-3.076923077 1.666666667 20)
(-1.153846154 1.666666667 20)
(0.7692307692 1.666666667 20)
(2.692307692 1.666666667 20)
(4.615384615 1.666666667 20)
(6.538461538 1.666666667 20)
(8.461538462 1.666666667 20)
(10.38461538 1.666666667 20)
(12.30769231 1.666666667 20)
(14.23076923 1.666666667 20)
(16.15384615 1.666666667 20)
(18.07692308 1.666666667 20)
(20 1.666666667 20)
(-5 3.333333333 20)
(-3.076923077 3.333333333 20)
(-1.153846154 3.333333333 20)
(0.7692307692 3.333333333 20)
(2.692307692 3.333333333 20)
(4.615384615 3.333333333 20)
(6.538461538 3.333333333 20)
(8.461538462 3.333333333 20)
(10.38461538 3.333333333 20)
(12.30769231 3.333333333 20)
(14.23076923 3.333333333 20)
(16.15384615 3.333333333 20)
(18.07692308 3.333333333 20)
(20 3.333333333 20)
(-5 5 20)
(-3.076923077 5 20)
(-1.153846154 5 20)
(0.7692307692 5 20)
(2.692307692 5 20)
(4.615384615 5 20)
(6.538461538 5 20)
(8.461538462 5 20)
(10.38461538 5 20)
(12.30769231 5 20)
(14.23076923 5 20)
(16.15384615 5 20)
(18.07692308 5 20)
(20 5 20)
(-5 6.666666667 20)
(-3.076923077 6.666666667 20)
(-1.153846154 6.666666667 20)
(0.7692307692 6.666666667 20)
(2.692307692 6.666666667 20)
(4.615384615 6.666666667 20)
(6.538461538 6.666666667 20)
(8.461538462 6.666666667 20)
(10.38461538 6.666666667 20)
(12.30769231 6.666666667 20)
(14.23076923 6.666666667 20)
(16.15384615 6.666666667 20)
(18.07692308 6.666666667 20)
(20 6.666666667 20)
(-5 8.333333333 20)
(-3.076923077 8.333333333 20)
(-1.153846154 8.333333333 20)
(0.7692307692 8.333333333 20)
(2.692307692 8.333333333 20)
(4.615384615 8.333333333 20)
(6.538461538 8.333333333 20)
(8.461538462 8.333333333 20)
(10.38461538 8.333333333 20)
(12.30769231 8.333333333 20)
(14.23076923 8.333333333 20)
(16.15384615 8.333333333 20)
(18.07692308 8.333333333 20)
(20 8.333333333 20)
(-5 10 20)
(-3.076923077 10 20)
(-1.153846154 10 20)
(0.7692307692 10 20)
(2.692307692 10 20)
(4.615384615 10 20)
(6.538461538 10 20)
(8.461538462 10 20)
(10.38461538 10 20)
(12.30769231 10 20)
(14.23076923 10 20)
(16.15384615 10 20)
(18.07692308 10 20)
(20 10 20)
(-5 11.66666667 20)
(-3.076923077 11.66666667 20)
(-1.153846154 11.66666667 20)
(0.7692307692 11.66666667 20)
(2.692307692 11.66666667 20)
(4.615384615 11.66666667 20)
(6.538461538 11.66666667 20)
(8.461538462 11.66666667 20)
(10.38461538 11.66666667 20)
(12.30769231 11.66666667 20)
(14.23076923 11.66666667 20)
(16.15384615 11.66666667 20)
(18.07692308 11.66666667 20)
(20 11.66666667 20)
(-5 13.33333333 20)
(-3.076923077 13.33333333 20)
(-1.153846154 13.33333333 20)
(0.7692307692 13.33333333 20)
(2.692307692 13.33333333 20)
(4.615384615 13.33333333 20)
(6.538461538 13.33333333 20)
(8.461538462 13.33333333 20)
(10.38461538 13.33333333 20)
(12.30769231 13.33333333 20)
(14.23076923 13.33333333 20)
(16.15384615 13.33333333 20)
(18.07692308 13.33333333 20)
(20 13.33333333 20)
(-5 15 20)
(-3.076923077 15 20)
(-1.153846154 15 20)
(0.7692307692 15 20)
(2.692307692 15 20)
(4.615384615 15 20)
(6.538461538 15 20)
(8.461538462 15 20)
(10.38461538 15 20)
(12.30769231 15 20)
(14.23076923 15 20)
(16.15384615 15 20)
(18.07692308 15 20)
(20 15 20)
(-5 16.66666667 20)
(-3.076923077 16.66666667 20)
(-1.153846154 16.66666667 20)
(0.7692307692 16.66666667 20)
(2.692307692 16.66666667 20)
(4.615384615 16.66666667 20)
(6.538461538 16.66666667 20)
(8.461538462 16.66666667 20)
(10.38461538 16.66666667 20)
(12.30769231 16.66666667 20)
(14.23076923 16.66666667 20)
(16.15384615 16.66666667 20)
(18.07692308 16.66666667 20)
(20 16.66666667 20)
(-5 18.33333333 20)
(-3.076923077 18.33333333 20)
(-1.153846154 18.33333333 20)
(0.7692307692 18.33333333 20)
(2.692307692 18.33333333 20)
(4.615384615 18.33333333 20)
(6.538461538 18.33333333 20)
(8.461538462 18.33333333 20)
(10.38461538 18.33333333 20)
(12.30769231 18.33333333 20)
(14.23076923 18.33333333 20)
(16.15384615 18.33333333 20)
(18.07692308 18.33333333 20)
(20 18.33333333 20)
(-5 20 20)
(-3.076923077 20 20)
(-1.153846154 20 20)
(0.7692307692 20 20)
(2.692307692 20 20)
(4.615384615 20 20)
(6.538461538 20 20)
(8.461538462 20 20)
(10.38461538 20 20)
(12.30769231 20 20)
(14.23076923 20 20)
(16.15384615 20 20)
(18.07692308 20 20)
(20 20 20)
)


// ************************************************************************* //
